$hessian                                                                        
        0.4103717832   0.0982328443  -0.0000454781  -0.0175726413  -0.0002094932
        0.0000973604   0.0196812912   0.0008795236  -0.0000216331  -0.0082449042
       -0.0007199263  -0.0000064104  -0.0060169614   0.0021485542  -0.0000062321
       -0.2584228348   0.0339310610   0.0000374928  -0.0361481136   0.0033547563
        0.0000031668  -0.0305406124  -0.0079408915   0.0000019502  -0.0028667369
        0.0009812789  -0.0000067691  -0.0018030044  -0.0008256370  -0.0000060545
        0.0030442250  -0.0012362446  -0.0000011055   0.0015730021   0.0000731826
       -0.0000007461   0.0004369140  -0.0010828822  -0.0000249511   0.0003587555
        0.0010819316  -0.0000248932  -0.0738501621  -0.1286680576   0.0000043029
        0.0982328443   0.4708118746   0.0000184061   0.0003449891  -0.0000178331
       -0.0000009722  -0.0001810987   0.0014475606   0.0000003471   0.0005549826
       -0.0050564987   0.0000000846  -0.0003004205  -0.0058051658   0.0000005191
        0.0041757175  -0.0772312277  -0.0000029979   0.0375293657  -0.0026972593
       -0.0000060476  -0.0389497388  -0.0011330871   0.0000061654   0.0016567851
       -0.0003816268   0.0000001993  -0.0015618740  -0.0003818413   0.0000000067
        0.0010910231   0.0016096858   0.0000000664   0.0006966339   0.0016212001
       -0.0000004045  -0.0000598876   0.0000287545  -0.0000009170   0.0000663845
       -0.0000026873   0.0000009794  -0.1032957064  -0.3828118486  -0.0000154351
       -0.0000454781   0.0000184061   0.0218577098   0.0000062554   0.0000006359
       -0.0002916063  -0.0000060985  -0.0000008719  -0.0002024431   0.0000021436
        0.0000012348   0.0061268781   0.0000024432  -0.0000012922   0.0050696864
        0.0000300627  -0.0000077955  -0.0307833661   0.0000062457  -0.0000011691
        0.0031505395   0.0000041692   0.0000021736   0.0029025136   0.0000004086
        0.0000001429   0.0003264241   0.0000000379  -0.0000000154   0.0003589679
       -0.0000009687   0.0000000016  -0.0016844118  -0.0000007862   0.0000000908
       -0.0028904863  -0.0000009324   0.0000013288  -0.0003254781   0.0000000818
       -0.0000015501  -0.0002478391   0.0000024157  -0.0000113202  -0.0033670886
       -0.0175726413   0.0003449891   0.0000062554   0.6870367785  -0.0002816290
        0.0015724749  -0.3352835465  -0.0011947724   0.0004387278  -0.0374685874
       -0.0156437480   0.0000299745  -0.0380748926   0.0151439873   0.0000303703
        0.0138968329  -0.0014923399  -0.0000053468  -0.0008984597   0.0006275822
       -0.0000185954  -0.0006386413  -0.0001692899  -0.0000166444   0.0018014019
        0.0010463569  -0.0000017207   0.0018185350  -0.0010551651   0.0000011045
       -0.0016213025  -0.0006391412  -0.0000041008  -0.0013080717   0.0006371239
       -0.0000013270  -0.1382509473   0.1570760176  -0.0010213614  -0.1349823065
       -0.1551225006  -0.0010133178   0.0015458485   0.0007225291   0.0000035069
       -0.0002094932  -0.0000178331   0.0000006359  -0.0002816290   0.7706235694
       -0.0000080803  -0.0013743107  -0.0843523674   0.0000035270  -0.0407790480
       -0.0055328095   0.0000171484   0.0403153439  -0.0049866087  -0.0000166857
        0.0000846334   0.0038842213   0.0000003081   0.0018462313  -0.0066336482
       -0.0000008160  -0.0016636893  -0.0066941284   0.0000013566  -0.0014291059
        0.0015531261  -0.0000079298   0.0014491753   0.0015569116   0.0000078746
       -0.0016405104  -0.0002774991  -0.0000053715   0.0015582573  -0.0002423171
        0.0000059598   0.1609543370  -0.3327146621   0.0015332746  -0.1589410677
       -0.3362082317  -0.0015295152   0.0001108759   0.0000422769  -0.0000016867
        0.0000973604  -0.0000009722  -0.0002916063   0.0015724749  -0.0000080803
       -0.0104685217  -0.0001712168  -0.0000009236  -0.0194551021   0.0000410103
        0.0000643893   0.0043928386   0.0000391314  -0.0000627953   0.0044299482
       -0.0000712196   0.0000080056  -0.0002803582  -0.0000158770  -0.0000170076
        0.0034781723  -0.0000160843   0.0000154355   0.0033881822   0.0000029979
        0.0000025338  -0.0012765277   0.0000041209  -0.0000028114  -0.0012532394
        0.0000035881   0.0000040516   0.0000989894   0.0000025095  -0.0000033775
        0.0000960226  -0.0007416703   0.0012041262   0.0087288887  -0.0007381704
       -0.0011988979   0.0085831280  -0.0000089549  -0.0000036761  -0.0001708146
        0.0196812912  -0.0001810987  -0.0000060985  -0.3352835465  -0.0013743107
       -0.0001712168   0.7034975211   0.0019976600  -0.0002389784  -0.1391354612
       -0.1248395273   0.0000235515  -0.1393436516   0.1244726170   0.0000218081
       -0.0131389063   0.0018297965   0.0000012489  -0.0307652746  -0.0283236831
        0.0000135566  -0.0323184111   0.0271848869   0.0000134377   0.0059355693
        0.0144115682   0.0000059338   0.0058428645  -0.0141157448   0.0000051671
       -0.0045352198   0.0006451768   0.0000051906  -0.0047519143  -0.0007819169
        0.0000048260  -0.0172668988   0.0100886276   0.0001645463  -0.0169442937
       -0.0102582005   0.0001633675  -0.0014736682  -0.0007558511  -0.0000063403
        0.0008795236   0.0014475606  -0.0000008719  -0.0011947724  -0.0843523674
       -0.0000009236   0.0019976600   0.6535390341  -0.0000045157  -0.0520722789
       -0.2561733487   0.0000289316   0.0513345291  -0.2521770044  -0.0000267028
       -0.0000596446  -0.0659315146   0.0000002651  -0.0785276157   0.0274544306
        0.0000188820   0.0777324832   0.0291558109  -0.0000188985  -0.0100343351
       -0.0269837208   0.0000040659   0.0102666327  -0.0269522204  -0.0000032567
        0.0010412445   0.0015767662   0.0000014908  -0.0010698096   0.0015139769
       -0.0000014989   0.0266373123  -0.0012163946  -0.0000647258  -0.0268602526
       -0.0016229213   0.0000671492  -0.0000706764   0.0007219130   0.0000006094
       -0.0000216331   0.0000003471  -0.0002024431   0.0004387278   0.0000035270
       -0.0194551021  -0.0002389784  -0.0000045157   0.1229539065   0.0000171657
        0.0000288814  -0.0496936193   0.0000206548  -0.0000264052  -0.0499236294
        0.0000125727  -0.0000014705  -0.0056174124   0.0000082447   0.0000105796
       -0.0020887715   0.0000033432  -0.0000107153  -0.0018668871   0.0000017611
       -0.0000041692   0.0008637496   0.0000016147   0.0000041237   0.0008981676
        0.0000012782  -0.0000010080   0.0081981832   0.0000021030   0.0000009341
        0.0084091673  -0.0001251177  -0.0000007194  -0.0064433686  -0.0001242269
       -0.0000007059  -0.0064218036   0.0000024899   0.0000013162   0.0003898630
       -0.0082449042   0.0005549826   0.0000021436  -0.0374685874  -0.0407790480
        0.0000410103  -0.1391354612  -0.0520722789   0.0000171657   0.6833801666
       -0.0049314394  -0.0001435419   0.0524028774  -0.0231375483  -0.0000031572
       -0.0298349683   0.0816522617   0.0000049039  -0.3477228427  -0.0370929776
        0.0000567374  -0.0455437315  -0.0297584368   0.0000060154  -0.1051431145
        0.1084620403   0.0000120957  -0.0008961877   0.0034633824   0.0000025741
       -0.0174832705  -0.0027072111   0.0000062504  -0.0002510703  -0.0006551625
       -0.0000012791   0.0020186172  -0.0032541632  -0.0000043922  -0.0062591105
        0.0006875355   0.0000019694   0.0001815877  -0.0004319368   0.0000015044
       -0.0007199263  -0.0050564987   0.0000012348  -0.0156437480  -0.0055328095
        0.0000643893  -0.1248395273  -0.2561733487   0.0000288814  -0.0049314394
        0.6426783830  -0.0000260394   0.0241325407  -0.0563637083  -0.0000045684
        0.0282566883   0.0256204715  -0.0000043123   0.0333321077  -0.0907146427
       -0.0000075193  -0.0250447817  -0.0135335278   0.0000035791   0.1075985446
       -0.2368342755  -0.0000275236   0.0025927807  -0.0040657974  -0.0000013220
       -0.0272717691  -0.0025780897   0.0000044614  -0.0005765093   0.0007675961
        0.0000002605   0.0020907597   0.0003289344  -0.0000122111   0.0005808739
        0.0018040005  -0.0000203800   0.0004434056  -0.0003466871   0.0000010697
       -0.0000064104   0.0000000846   0.0061268781   0.0000299745   0.0000171484
        0.0043928386   0.0000235515   0.0000289316  -0.0496936193  -0.0001435419
       -0.0000260394   0.1045326132  -0.0000036524   0.0000049318   0.0000129579
        0.0000101981  -0.0000032865  -0.0013001186   0.0000756265   0.0000025030
       -0.0384997700   0.0000004022   0.0000005296  -0.0023930900   0.0000098284
       -0.0000202592  -0.0302882524   0.0000015455  -0.0000018809   0.0065986224
        0.0000050704   0.0000007849  -0.0002791431  -0.0000001122   0.0000002535
       -0.0000168096   0.0000059760   0.0000021777  -0.0011132363  -0.0000089310
       -0.0000059369   0.0016912161   0.0000004746   0.0000000578   0.0002289132
       -0.0060169614  -0.0003004205   0.0000024432  -0.0380748926   0.0403153439
        0.0000391314  -0.1393436516   0.0513345291   0.0000206548   0.0524028774
        0.0241325407  -0.0000036524   0.6867865678   0.0079832867  -0.0001451660
       -0.0289108783  -0.0826891043   0.0000050542  -0.0463128585   0.0290976338
        0.0000066534  -0.3543646423   0.0344739712   0.0000601857  -0.0008365575
       -0.0034603248   0.0000011528  -0.1029606703  -0.1072630551   0.0000115172
       -0.0003652453   0.0006871095  -0.0000018499  -0.0173337492   0.0022899373
        0.0000054162  -0.0062075795  -0.0007699171   0.0000019394   0.0019998122
        0.0032876191  -0.0000042060  -0.0004615708   0.0008808507   0.0000007260
        0.0021485542  -0.0058051658  -0.0000012922   0.0151439873  -0.0049866087
       -0.0000627953   0.1244726170  -0.2521770044  -0.0000264052  -0.0231375483
       -0.0563637083   0.0000049318   0.0079832867   0.6405813437   0.0000196430
       -0.0291238112   0.0257319889   0.0000042896   0.0249382629  -0.0129516908
       -0.0000035123  -0.0357304637  -0.0908254344   0.0000084196  -0.0025652682
       -0.0041184551   0.0000014292  -0.1064587408  -0.2392752736   0.0000292058
        0.0006700528   0.0007958287  -0.0000001614   0.0262551954  -0.0019779312
       -0.0000044474  -0.0006619824   0.0017690898   0.0000199569  -0.0020566551
        0.0003792523   0.0000116458  -0.0018774865  -0.0007762310  -0.0000009075
       -0.0000062321   0.0000005191   0.0050696864   0.0000303703  -0.0000166857
        0.0044299482   0.0000218081  -0.0000267028  -0.0499236294  -0.0000031572
       -0.0000045684   0.0000129579  -0.0001451660   0.0000196430   0.1049375909
        0.0000097778   0.0000020929  -0.0014973534  -0.0000002344  -0.0000004260
       -0.0024872339   0.0000793962  -0.0000012344  -0.0379771244   0.0000012765
        0.0000020132   0.0067004228   0.0000106272   0.0000224333  -0.0306571025
       -0.0000001158  -0.0000002449  -0.0000346311   0.0000048273  -0.0000007188
       -0.0001906507  -0.0000092081   0.0000058179   0.0017063489   0.0000054206
       -0.0000018462  -0.0011118045   0.0000006096  -0.0000000922   0.0010225747
       -0.2584228348   0.0041757175   0.0000300627   0.0138968329   0.0000846334
       -0.0000712196  -0.0131389063  -0.0000596446   0.0000125727  -0.0298349683
        0.0282566883   0.0000101981  -0.0289108783  -0.0291238112   0.0000097778
        0.6210850744  -0.0003829711  -0.0000767467  -0.1444546214   0.1386541837
        0.0000169298  -0.1415387277  -0.1330236669   0.0000166270  -0.0039338275
       -0.0007375627   0.0000076373  -0.0043512967   0.0005543244   0.0000071236
        0.0049311757  -0.0144970631   0.0000010945   0.0068692831   0.0155933605
        0.0000007232   0.0000417931   0.0007484899   0.0000183103   0.0000507242
       -0.0007539540   0.0000178378  -0.0222888223  -0.0094887243  -0.0000009286
        0.0339310610  -0.0772312277  -0.0000077955  -0.0014923399   0.0038842213
        0.0000080056   0.0018297965  -0.0659315146  -0.0000014705   0.0816522617
        0.0256204715  -0.0000032865  -0.0826891043   0.0257319889   0.0000020929
       -0.0003829711   0.6653058064   0.0000018723   0.0508746579  -0.2652872591
       -0.0000051381  -0.0492193272  -0.2641988447   0.0000047718  -0.0013595623
        0.0018714901   0.0000000128   0.0009571193   0.0017144802  -0.0000013715
        0.0106550906  -0.0269173066  -0.0000040938  -0.0109053289  -0.0276946835
        0.0000039497  -0.0003842253   0.0003391417  -0.0000117348   0.0004401660
        0.0005713043   0.0000077619  -0.0339072941   0.0022219320   0.0000064238
        0.0000374928  -0.0000029979  -0.0307833661  -0.0000053468   0.0000003081
       -0.0002803582   0.0000012489   0.0000002651  -0.0056174124   0.0000049039
       -0.0000043123  -0.0013001186   0.0000050542   0.0000042896  -0.0014973534
       -0.0000767467   0.0000018723   0.1179698371   0.0000145157  -0.0000176696
       -0.0468761606   0.0000138158   0.0000165126  -0.0486405721   0.0000030901
        0.0000005396   0.0078598450   0.0000030074  -0.0000004512   0.0081683076
       -0.0000010421   0.0000034087   0.0009073915  -0.0000012159  -0.0000035893
        0.0016947511  -0.0000001725  -0.0000022732   0.0002157675   0.0000003275
        0.0000019513   0.0001712171   0.0000010677   0.0000021463  -0.0019917753
       -0.0361481136   0.0375293657   0.0000062457  -0.0008984597   0.0018462313
       -0.0000158770  -0.0307652746  -0.0785276157   0.0000082447  -0.3477228427
        0.0333321077   0.0000756265  -0.0463128585   0.0249382629  -0.0000002344
       -0.1444546214   0.0508746579   0.0000145157   0.6737755343   0.0038691827
       -0.0001060830   0.0539052329   0.0291761730  -0.0000079927  -0.0182486321
        0.0026180922   0.0000011369  -0.0002185133   0.0008463064  -0.0000000724
       -0.1023066434  -0.1055816897   0.0000119555  -0.0008791952  -0.0033629736
        0.0000020330  -0.0004152431   0.0005976446  -0.0000051345  -0.0002486119
       -0.0000235374   0.0000160848   0.0009382423   0.0018677920  -0.0000004488
        0.0033547563  -0.0026972593  -0.0000011691   0.0006275822  -0.0066336482
       -0.0000170076  -0.0283236831   0.0274544306   0.0000105796  -0.0370929776
       -0.0907146427   0.0000025030   0.0290976338  -0.0129516908  -0.0000004260
        0.1386541837  -0.2652872591  -0.0000176696   0.0038691827   0.6568491831
       -0.0000169752  -0.0278971885  -0.0634586649   0.0000047775   0.0275250609
       -0.0026684463  -0.0000036555   0.0005928749   0.0006845791   0.0000003163
       -0.1046965924  -0.2374449986   0.0000283316  -0.0026457470  -0.0042454447
       -0.0000004845   0.0001357638  -0.0005747534   0.0000060757  -0.0016700358
       -0.0002834722   0.0000045120  -0.0015308139   0.0019720874   0.0000002918
        0.0000031668  -0.0000060476   0.0031505395  -0.0000185954  -0.0000008160
        0.0034781723   0.0000135566   0.0000188820  -0.0020887715   0.0000567374
       -0.0000075193  -0.0384997700   0.0000066534  -0.0000035123  -0.0024872339
        0.0000169298  -0.0000051381  -0.0468761606  -0.0001060830  -0.0000169752
        0.1074759501  -0.0000083834  -0.0000045125  -0.0003151990   0.0000038335
       -0.0000007207  -0.0006784798  -0.0000001366  -0.0000002558   0.0001543490
        0.0000150965   0.0000267133  -0.0313786686   0.0000017221  -0.0000000848
        0.0069760724   0.0000059226  -0.0000049808   0.0003260725   0.0000090476
        0.0000051189   0.0017588318   0.0000005323  -0.0000001511  -0.0009957041
       -0.0305406124  -0.0389497388   0.0000041692  -0.0006386413  -0.0016636893
       -0.0000160843  -0.0323184111   0.0777324832   0.0000033432  -0.0455437315
       -0.0250447817   0.0000004022  -0.3543646423  -0.0357304637   0.0000793962
       -0.1415387277  -0.0492193272   0.0000138158   0.0539052329  -0.0278971885
       -0.0000083834   0.6882006552  -0.0097013147  -0.0001098786  -0.0002031574
       -0.0008265683   0.0000017962  -0.0180486831  -0.0028530745   0.0000028270
       -0.0006585023   0.0035217128   0.0000029169  -0.1115476951   0.1125911979
        0.0000135032  -0.0003173919   0.0000376877   0.0000162963  -0.0003880493
       -0.0006152732  -0.0000050504  -0.0059976426  -0.0013816617   0.0000009303
       -0.0079408915  -0.0011330871   0.0000021736  -0.0001692899  -0.0066941284
        0.0000154355   0.0271848869   0.0291558109  -0.0000107153  -0.0297584368
       -0.0135335278   0.0000005296   0.0344739712  -0.0908254344  -0.0000012344
       -0.1330236669  -0.2641988447   0.0000165126   0.0291761730  -0.0634586649
       -0.0000045125  -0.0097013147   0.6521001521   0.0000147932  -0.0005578847
        0.0006564260  -0.0000001417  -0.0273804453  -0.0027031143   0.0000042521
        0.0027585402  -0.0042461847   0.0000006232   0.1133584438  -0.2340758072
       -0.0000277571   0.0016749488  -0.0002404572  -0.0000039989  -0.0001428123
       -0.0006096608  -0.0000057549   0.0000477783  -0.0001934776  -0.0000002050
        0.0000019502   0.0000061654   0.0029025136  -0.0000166444   0.0000013566
        0.0033881822   0.0000134377  -0.0000188985  -0.0018668871   0.0000060154
        0.0000035791  -0.0023930900   0.0000601857   0.0000084196  -0.0379771244
        0.0000166270   0.0000047718  -0.0486405721  -0.0000079927   0.0000047775
       -0.0003151990  -0.0001098786   0.0000147932   0.1084490109  -0.0000001524
        0.0000002278   0.0000999265   0.0000036294   0.0000008202  -0.0006910958
        0.0000016861   0.0000000569   0.0068619005   0.0000162023  -0.0000260003
       -0.0327441501   0.0000081811  -0.0000050587   0.0017573560   0.0000056040
        0.0000045868   0.0003427194   0.0000011492   0.0000004025   0.0008265094
       -0.0028667369   0.0016567851   0.0000004086   0.0018014019  -0.0014291059
        0.0000029979   0.0059355693  -0.0100343351   0.0000017611  -0.1051431145
        0.1075985446   0.0000098284  -0.0008365575  -0.0025652682   0.0000012765
       -0.0039338275  -0.0013595623   0.0000030901  -0.0182486321   0.0275250609
        0.0000038335  -0.0002031574  -0.0005578847  -0.0000001524   0.1230633543
       -0.1214405631  -0.0000195767   0.0003076429  -0.0005809681  -0.0000002329
        0.0006388447   0.0007138796  -0.0000004399  -0.0000941029   0.0000632172
       -0.0000004447  -0.0005234707   0.0001998972  -0.0000009494  -0.0001125730
        0.0001071126  -0.0000020741   0.0002153595   0.0001031901   0.0000006738
        0.0009812789  -0.0003816268   0.0000001429   0.0010463569   0.0015531261
        0.0000025338   0.0144115682  -0.0269837208  -0.0000041692   0.1084620403
       -0.2368342755  -0.0000202592  -0.0034603248  -0.0041184551   0.0000020132
       -0.0007375627   0.0018714901   0.0000005396   0.0026180922  -0.0026684463
       -0.0000007207  -0.0008265683   0.0006564260   0.0000002278  -0.1214405631
        0.2670408548   0.0000241876   0.0005996548  -0.0018074806  -0.0000009797
       -0.0006810875   0.0011579474   0.0000000200   0.0000214891  -0.0000209783
       -0.0000002531  -0.0012446292  -0.0001173792  -0.0000054047   0.0003770779
        0.0005888229   0.0000020067  -0.0001268228   0.0000636952   0.0000001150
       -0.0000067691   0.0000001993   0.0003264241  -0.0000017207  -0.0000079298
       -0.0012765277   0.0000059338   0.0000040659   0.0008637496   0.0000120957
       -0.0000275236  -0.0302882524   0.0000011528   0.0000014292   0.0067004228
        0.0000076373   0.0000000128   0.0078598450   0.0000011369  -0.0000036555
       -0.0006784798   0.0000017962  -0.0000001417   0.0000999265  -0.0000195767
        0.0000241876   0.0221506156   0.0000003260   0.0000009957  -0.0006997410
       -0.0000007347  -0.0000001925  -0.0029638925  -0.0000006808   0.0000002954
       -0.0015627396   0.0000022568   0.0000072486  -0.0005919086  -0.0000028407
        0.0000010122   0.0000611935  -0.0000000127  -0.0000000036  -0.0000006355
       -0.0018030044  -0.0015618740   0.0000000379   0.0018185350   0.0014491753
        0.0000041209   0.0058428645   0.0102666327   0.0000016147  -0.0008961877
        0.0025927807   0.0000015455  -0.1029606703  -0.1064587408   0.0000106272
       -0.0043512967   0.0009571193   0.0000030074  -0.0002185133   0.0005928749
       -0.0000001366  -0.0180486831  -0.0273804453   0.0000036294   0.0003076429
        0.0005996548   0.0000003260   0.1207563569   0.1202443005  -0.0000165865
       -0.0001620164  -0.0000804588  -0.0000002332   0.0007607311  -0.0006974250
       -0.0000011143  -0.0001079328  -0.0001135449  -0.0000016523  -0.0005606982
       -0.0002157337  -0.0000052759  -0.0003771274  -0.0001943157   0.0000000897
       -0.0008256370  -0.0003818413  -0.0000000154  -0.0010551651   0.0015569116
       -0.0000028114  -0.0141157448  -0.0269522204   0.0000041237   0.0034633824
       -0.0040657974  -0.0000018809  -0.1072630551  -0.2392752736   0.0000224333
        0.0005543244   0.0017144802  -0.0000004512   0.0008463064   0.0006845791
       -0.0000002558  -0.0028530745  -0.0027031143   0.0000008202  -0.0005809681
       -0.0018074806   0.0000009957   0.1202443005   0.2695600169  -0.0000272824
       -0.0000722064  -0.0000251340   0.0000002326   0.0006997322   0.0011054190
        0.0000000609  -0.0003833229   0.0005878468  -0.0000020524   0.0012281357
       -0.0001190098   0.0000061457   0.0001129922   0.0001206176  -0.0000000626
       -0.0000060545   0.0000000067   0.0003589679   0.0000011045   0.0000078746
       -0.0012532394   0.0000051671  -0.0000032567   0.0008981676   0.0000025741
       -0.0000013220   0.0065986224   0.0000115172   0.0000292058  -0.0306571025
        0.0000071236  -0.0000013715   0.0081683076  -0.0000000724   0.0000003163
        0.0001543490   0.0000028270   0.0000042521  -0.0006910958  -0.0000002329
       -0.0000009797  -0.0006997410  -0.0000165865  -0.0000272824   0.0223742774
       -0.0000005438  -0.0000003031  -0.0015597775  -0.0000009609   0.0000001228
       -0.0030734174  -0.0000029382  -0.0000008366   0.0000626998  -0.0000030060
       -0.0000063230  -0.0005873255   0.0000000816  -0.0000001031  -0.0000936926
        0.0030442250   0.0010910231  -0.0000009687  -0.0016213025  -0.0016405104
        0.0000035881  -0.0045352198   0.0010412445   0.0000012782  -0.0174832705
       -0.0272717691   0.0000050704  -0.0003652453   0.0006700528  -0.0000001158
        0.0049311757   0.0106550906  -0.0000010421  -0.1023066434  -0.1046965924
        0.0000150965  -0.0006585023   0.0027585402   0.0000016861   0.0006388447
       -0.0006810875  -0.0000007347  -0.0001620164  -0.0000722064  -0.0000005438
        0.1190074332   0.1184081248  -0.0000219800   0.0002736173   0.0005498054
       -0.0000000432   0.0001117639  -0.0002064507  -0.0000015687  -0.0004974984
       -0.0000123542  -0.0000001617  -0.0003773610  -0.0005929106   0.0000004393
       -0.0012362446   0.0016096858   0.0000000016  -0.0006391412  -0.0002774991
        0.0000040516   0.0006451768   0.0015767662  -0.0000010080  -0.0027072111
       -0.0025780897   0.0000007849   0.0006871095   0.0007958287  -0.0000002449
       -0.0144970631  -0.0269173066   0.0000034087  -0.1055816897  -0.2374449986
        0.0000267133   0.0035217128  -0.0042461847   0.0000000569   0.0007138796
        0.0011579474  -0.0000001925  -0.0000804588  -0.0000251340  -0.0000003031
        0.1184081248   0.2678488636  -0.0000305328  -0.0007062019  -0.0017806371
       -0.0000002206   0.0000100927  -0.0000316099  -0.0000022414  -0.0000036127
        0.0000936142  -0.0000002939   0.0014655268   0.0002187538   0.0000000202
       -0.0000011055   0.0000000664  -0.0016844118  -0.0000041008  -0.0000053715
        0.0000989894   0.0000051906   0.0000014908   0.0081981832   0.0000062504
        0.0000044614  -0.0002791431  -0.0000018499  -0.0000001614  -0.0000346311
        0.0000010945  -0.0000040938   0.0009073915   0.0000119555   0.0000283316
       -0.0313786686   0.0000029169   0.0000006232   0.0068619005  -0.0000004399
        0.0000000200  -0.0029638925  -0.0000002332   0.0000002326  -0.0015597775
       -0.0000219800  -0.0000305328   0.0227932747  -0.0000000346   0.0000002050
       -0.0002794605   0.0000010743   0.0000022200  -0.0000036830   0.0000008904
        0.0000021839  -0.0001519683   0.0000003713   0.0000003246  -0.0005241030
        0.0015730021   0.0006966339  -0.0000007862  -0.0013080717   0.0015582573
        0.0000025095  -0.0047519143  -0.0010698096   0.0000021030  -0.0002510703
       -0.0005765093  -0.0000001122  -0.0173337492   0.0262551954   0.0000048273
        0.0068692831  -0.0109053289  -0.0000012159  -0.0008791952  -0.0026457470
        0.0000017221  -0.1115476951   0.1133584438   0.0000162023  -0.0000941029
        0.0000214891  -0.0000006808   0.0007607311   0.0006997322  -0.0000009609
        0.0002736173  -0.0007062019  -0.0000000346   0.1271354063  -0.1268147223
       -0.0000224524  -0.0004766449   0.0000313164  -0.0000000367   0.0001000377
        0.0001979409  -0.0000012726  -0.0000696339  -0.0001006901   0.0000001881
        0.0000731826   0.0016212001   0.0000000908   0.0006371239  -0.0002423171
       -0.0000033775  -0.0007819169   0.0015139769   0.0000009341  -0.0006551625
        0.0007675961   0.0000002535   0.0022899373  -0.0019779312  -0.0000007188
        0.0155933605  -0.0276946835  -0.0000035893  -0.0033629736  -0.0042454447
       -0.0000000848   0.1125911979  -0.2340758072  -0.0000260003   0.0000632172
       -0.0000209783   0.0000002954  -0.0006974250   0.0011054190   0.0000001228
        0.0005498054  -0.0017806371   0.0000002050  -0.1268147223   0.2639250325
        0.0000297528  -0.0000064817   0.0000925756   0.0000001166  -0.0000109463
       -0.0000323865   0.0000019805   0.0005318035   0.0010443855   0.0000000193
       -0.0000007461  -0.0000004045  -0.0028904863  -0.0000013270   0.0000059598
        0.0000960226   0.0000048260  -0.0000014989   0.0084091673  -0.0000012791
        0.0000002605  -0.0000168096   0.0000054162  -0.0000044474  -0.0001906507
        0.0000007232   0.0000039497   0.0016947511   0.0000020330  -0.0000004845
        0.0069760724   0.0000135032  -0.0000277571  -0.0327441501  -0.0000004447
       -0.0000002531  -0.0015627396  -0.0000011143   0.0000000609  -0.0030734174
       -0.0000000432  -0.0000002206  -0.0002794605  -0.0000224524   0.0000297528
        0.0237415640  -0.0000001663  -0.0000023343  -0.0001620763   0.0000009793
       -0.0000025406   0.0000018322   0.0000000920  -0.0000000426   0.0000003809
        0.0004369140  -0.0000598876  -0.0000009324  -0.1382509473   0.1609543370
       -0.0007416703  -0.0172668988   0.0266373123  -0.0001251177   0.0020186172
        0.0020907597   0.0000059760  -0.0062075795  -0.0006619824  -0.0000092081
        0.0000417931  -0.0003842253  -0.0000001725  -0.0004152431   0.0001357638
        0.0000059226  -0.0003173919   0.0016749488   0.0000081811  -0.0005234707
       -0.0012446292   0.0000022568  -0.0001079328  -0.0003833229  -0.0000029382
        0.0001117639   0.0000100927   0.0000010743  -0.0004766449  -0.0000064817
       -0.0000001663   0.1537571976  -0.1762440856   0.0007951435   0.0072563918
       -0.0124853390   0.0000616852  -0.0000565688  -0.0000332606  -0.0000000341
       -0.0010828822   0.0000287545   0.0000013288   0.1570760176  -0.3327146621
        0.0012041262   0.0100886276  -0.0012163946  -0.0000007194  -0.0032541632
        0.0003289344   0.0000021777  -0.0007699171   0.0017690898   0.0000058179
        0.0007484899   0.0003391417  -0.0000022732   0.0005976446  -0.0005747534
       -0.0000049808   0.0000376877  -0.0002404572  -0.0000050587   0.0001998972
       -0.0001173792   0.0000072486  -0.0001135449   0.0005878468  -0.0000008366
       -0.0002064507  -0.0000316099   0.0000022200   0.0000313164   0.0000925756
       -0.0000023343  -0.1762440856   0.3517118122  -0.0013331026   0.0128001219
       -0.0200041933   0.0001261766   0.0000912409   0.0000412948   0.0000002098
       -0.0000249511  -0.0000009170  -0.0003254781  -0.0010213614   0.0015332746
        0.0087288887   0.0001645463  -0.0000647258  -0.0064433686  -0.0000043922
       -0.0000122111  -0.0011132363   0.0000019394   0.0000199569   0.0017063489
        0.0000183103  -0.0000117348   0.0002157675  -0.0000051345   0.0000060757
        0.0003260725   0.0000162963  -0.0000039989   0.0017573560  -0.0000009494
       -0.0000054047  -0.0005919086  -0.0000016523  -0.0000020524   0.0000626998
       -0.0000015687  -0.0000022414  -0.0000036830  -0.0000000367   0.0000001166
       -0.0001620763   0.0007951435  -0.0013331026   0.0013697906   0.0000614525
       -0.0001239317  -0.0056283851   0.0000023581   0.0000008967   0.0001012120
        0.0003587555   0.0000663845   0.0000000818  -0.1349823065  -0.1589410677
       -0.0007381704  -0.0169442937  -0.0268602526  -0.0001242269  -0.0062591105
        0.0005808739  -0.0000089310   0.0019998122  -0.0020566551   0.0000054206
        0.0000507242   0.0004401660   0.0000003275  -0.0002486119  -0.0016700358
        0.0000090476  -0.0003880493  -0.0001428123   0.0000056040  -0.0001125730
        0.0003770779  -0.0000028407  -0.0005606982   0.0012281357  -0.0000030060
       -0.0004974984  -0.0000036127   0.0000008904   0.0001000377  -0.0000109463
        0.0000009793   0.0072563918   0.0128001219   0.0000614525   0.1502061909
        0.1741950658   0.0007927022   0.0000212293  -0.0000024433   0.0000006693
        0.0010819316  -0.0000026873  -0.0000015501  -0.1551225006  -0.3362082317
       -0.0011988979  -0.0102582005  -0.0016229213  -0.0000007059   0.0006875355
        0.0018040005  -0.0000059369   0.0032876191   0.0003792523  -0.0000018462
       -0.0007539540   0.0005713043   0.0000019513  -0.0000235374  -0.0002834722
        0.0000051189  -0.0006152732  -0.0006096608   0.0000045868   0.0001071126
        0.0005888229   0.0000010122  -0.0002157337  -0.0001190098  -0.0000063230
       -0.0000123542   0.0000936142   0.0000021839   0.0001979409  -0.0000323865
       -0.0000025406  -0.0124853390  -0.0200041933  -0.0001239317   0.1741950658
        0.3555208797   0.0013263545  -0.0000703130  -0.0000753109   0.0000005248
       -0.0000248932   0.0000009794  -0.0002478391  -0.0010133178  -0.0015295152
        0.0085831280   0.0001633675   0.0000671492  -0.0064218036   0.0000019694
       -0.0000203800   0.0016912161  -0.0000042060   0.0000116458  -0.0011118045
        0.0000178378   0.0000077619   0.0001712171   0.0000160848   0.0000045120
        0.0017588318  -0.0000050504  -0.0000057549   0.0003427194  -0.0000020741
        0.0000020067   0.0000611935  -0.0000052759   0.0000061457  -0.0005873255
       -0.0000001617  -0.0000002939  -0.0001519683  -0.0000012726   0.0000019805
        0.0000018322   0.0000616852   0.0001261766  -0.0056283851   0.0007927022
        0.0013263545   0.0014926445   0.0000026046   0.0000012318   0.0000463436
       -0.0738501621  -0.1032957064   0.0000024157   0.0015458485   0.0001108759
       -0.0000089549  -0.0014736682  -0.0000706764   0.0000024899   0.0001815877
        0.0004434056   0.0000004746  -0.0004615708  -0.0018774865   0.0000006096
       -0.0222888223  -0.0339072941   0.0000010677   0.0009382423  -0.0015308139
        0.0000005323  -0.0059976426   0.0000477783   0.0000011492   0.0002153595
       -0.0001268228  -0.0000000127  -0.0003771274   0.0001129922   0.0000000816
       -0.0003773610   0.0014655268   0.0000003713  -0.0000696339   0.0005318035
        0.0000000920  -0.0000565688   0.0000912409   0.0000023581   0.0000212293
       -0.0000703130   0.0000026046   0.1020502897   0.1380754899  -0.0000052789
       -0.1286680576  -0.3828118486  -0.0000113202   0.0007225291   0.0000422769
       -0.0000036761  -0.0007558511   0.0007219130   0.0000013162  -0.0004319368
       -0.0003466871   0.0000000578   0.0008808507  -0.0007762310  -0.0000000922
       -0.0094887243   0.0022219320   0.0000021463   0.0018677920   0.0019720874
       -0.0000001511  -0.0013816617  -0.0001934776   0.0000004025   0.0001031901
        0.0000636952  -0.0000000036  -0.0001943157   0.0001206176  -0.0000001031
       -0.0005929106   0.0002187538   0.0000003246  -0.0001006901   0.0010443855
       -0.0000000426  -0.0000332606   0.0000412948   0.0000008967  -0.0000024433
       -0.0000753109   0.0000012318   0.1380754899   0.3777565989   0.0000090131
        0.0000043029  -0.0000154351  -0.0033670886   0.0000035069  -0.0000016867
       -0.0001708146  -0.0000063403   0.0000006094   0.0003898630   0.0000015044
        0.0000010697   0.0002289132   0.0000007260  -0.0000009075   0.0010225747
       -0.0000009286   0.0000064238  -0.0019917753  -0.0000004488   0.0000002918
       -0.0009957041   0.0000009303  -0.0000002050   0.0008265094   0.0000006738
        0.0000001150  -0.0000006355   0.0000000897  -0.0000000626  -0.0000936926
        0.0000004393   0.0000000202  -0.0005241030   0.0000001881   0.0000000193
        0.0000003809  -0.0000000341   0.0000002098   0.0001012120   0.0000006693
        0.0000005248   0.0000463436  -0.0000052789   0.0000090131   0.0045280169
