           1           2   1.0062585999088207     
           2           3   1.6937612486052800     
           2           4   1.1400643691989680     
           3           4  0.16072467982888908     
           4           5  0.86962593463555860     
           5           6  0.97405740144858088     
           5           7   1.0038753510592733     
           5           8   1.0027099666254533     
           8           9   1.1013500692934040     
           9          10   1.3695828776713554     
          10          11   1.4420870385651212     
          11          12   1.3820678440689804     
          12          13   1.0561641228631329     
          10          14  0.10365955028078871     
          12          14   1.3552350974633414     
           9          15   1.3438413380602898     
          11          15  0.10449174297890491     
          14          15   1.4761521627204486     
           1          16  0.97710340635574267     
           1          17  0.94348256170800404     
           1          18  0.95620646783548358     
           6          19  0.97969639146394594     
           6          20  0.98122431023781798     
           6          21  0.97433652652968139     
           7          22  0.83207924476371775     
           8          23  0.92129317268989486     
          10          24  0.96442615292028622     
          11          25  0.96622889714013038     
          13          26  0.84610044049843813     
          14          27  0.96835140460401914     
          15          28  0.96719263410959688     
