           2           3  0.16761736379104669     
           3           4   1.0669211863229737     
           4           5   1.3736793130496032     
           4           6   1.3605657341745514     
           5           7   1.4515883942819163     
           6           7  0.10235018735974466     
           5           8  0.10502664143760596     
           6           8   1.4693572838398938     
           1           9   1.0684299103585646     
           7           9   1.3743775321641525     
           8           9   1.3565329361515590     
           2          10   1.7127836674433288     
           3          10   1.1988997954943375     
          10          11  0.97791239881895986     
           5          12  0.95915495303444354     
           6          13  0.96661003506885956     
           3          14  0.93725608436526342     
           7          15  0.96608345241166194     
           8          16  0.96801312918518478     
          11          17  0.97061419660777515     
          11          18  0.98345085727539927     
          11          19  0.97157081166526860     
           1          20  0.88932006432611355     
