           1           2  0.99144374195983542     
           2           3   1.7337823871608196     
           2           4   1.1363658273096797     
           3           4  0.16763028145748407     
           4           5  0.87204134560595925     
           5           6  0.97115667285684770     
           5           7   1.0118605413692356     
           5           8   1.0031401891388403     
           8           9   1.0942839337937500     
           9          10   1.3724860602523621     
          10          11   1.4405717161516294     
          11          12   1.3832653263526771     
          12          13   1.0567222387751734     
          10          14  0.10425251150063075     
          12          14   1.3542415640951875     
           9          15   1.3458598042941037     
          11          15  0.10434527118941585     
          14          15   1.4764984975312965     
           1          16  0.98128543266181611     
           1          17  0.95663224894419185     
           1          18  0.96647866634172974     
           6          19  0.98072176516557230     
           6          20  0.98382538433550626     
           6          21  0.97625573841236790     
           7          22  0.84895119470596814     
           8          23  0.93179929802174211     
          10          24  0.96416716903448818     
          11          25  0.96671764289384909     
          13          26  0.89223191951709369     
          14          27  0.96815208860261959     
          15          28  0.96808028271864288     
