$hessian                                                                        
        0.4133879267   0.0839285610   0.0000286102  -0.0014748326   0.0046236688
        0.0000030768  -0.0108623757   0.0015983057  -0.0000010999   0.0067674212
        0.0011881757  -0.0000037597  -0.0042946191   0.0039014711   0.0000022341
       -0.0020067612   0.0000987928   0.0000040209  -0.0496344320  -0.0025773394
        0.0000043327  -0.0245069670  -0.0157504039  -0.0000085316  -0.2899208516
       -0.0018449278   0.0000137490   0.0067337454  -0.0069788593  -0.0000051376
       -0.0013071817  -0.0005879215  -0.0000139007  -0.0011953053  -0.0007931634
        0.0000009725  -0.0004983196  -0.0001497818   0.0000003147   0.0002680633
        0.0004355536   0.0000031392   0.0038742019  -0.0013006561   0.0000002606
        0.0010705093   0.0002019443   0.0000002722  -0.0000900610  -0.0000807490
       -0.0000850184  -0.0000682748   0.0000341422   0.0000073711  -0.0000841114
       -0.0000790186   0.0000889377  -0.0461577749  -0.0658677945  -0.0000398438
        0.0839285610   0.5192026822   0.0002856132   0.0001327317   0.0010609585
        0.0000003376  -0.0016600165   0.0004599768   0.0000009882   0.0006673312
        0.0020385013   0.0000004416   0.0006694264  -0.0049791623  -0.0000059322
        0.0007067212  -0.0062685098  -0.0000058562   0.0299571667   0.0030546937
       -0.0000022386  -0.0432913224  -0.0120717929  -0.0000062759  -0.0353823229
       -0.0799125125  -0.0000236212   0.0009105967  -0.0015628897  -0.0000019974
       -0.0001248989  -0.0000149778  -0.0000008564   0.0010701342   0.0000951274
        0.0000003018  -0.0015915707  -0.0004452987   0.0000000290   0.0001890770
        0.0000583172   0.0000006302   0.0019846083   0.0019388400   0.0000018187
        0.0004141184   0.0021555105   0.0000029472  -0.0000022847  -0.0000131710
       -0.0000006534  -0.0000117819   0.0000040588   0.0000010506  -0.0000012744
       -0.0000122711   0.0000006909  -0.0385650003  -0.4247880806  -0.0002474178
        0.0000286102   0.0002856132   0.0263874518  -0.0000006916   0.0000017185
        0.0000654677  -0.0000004430   0.0000008068  -0.0010149893   0.0000000934
        0.0000003519  -0.0000668923   0.0000014640  -0.0000046548   0.0064526383
        0.0000010370  -0.0000064576   0.0053483956   0.0000173261  -0.0000017521
        0.0054452209  -0.0000214756  -0.0000080288   0.0034017869  -0.0000066700
       -0.0000244785  -0.0349362086   0.0000001232  -0.0000025885  -0.0002735071
        0.0000008601   0.0000010874   0.0001729299   0.0000002397   0.0000001964
       -0.0001171637  -0.0000009281  -0.0000002837   0.0001285356  -0.0000001616
        0.0000000492  -0.0001637111   0.0000007626   0.0000015128  -0.0015349093
        0.0000002081   0.0000026556  -0.0029867037   0.0000324281   0.0000350541
        0.0000103703  -0.0000010143   0.0000000837   0.0000000058  -0.0000309917
       -0.0000353016   0.0000088755  -0.0000207765  -0.0002455840  -0.0063275932
       -0.0014748326   0.0001327317  -0.0000006916   0.0968190712   0.0337999497
       -0.0000499589   0.0049991143   0.0448156354   0.0000235726   0.0037877263
       -0.0009202400  -0.0000082631  -0.0050549644  -0.0022900644   0.0000037988
        0.0003412386   0.0001402496  -0.0000016122  -0.0010957734   0.0018932719
        0.0000017128   0.0002853889  -0.0000757513   0.0000001365   0.0008465349
       -0.0004258556  -0.0000008493  -0.0830798941  -0.0372025528   0.0000027841
       -0.0032185097  -0.0402688144   0.0000690322  -0.0047053124   0.0012390421
        0.0000031156  -0.0000597638   0.0001638823  -0.0000000370  -0.0047369031
        0.0055341317   0.0000093362  -0.0000335479  -0.0000282123  -0.0000001247
       -0.0000449371   0.0001088723  -0.0000003223  -0.0035373611  -0.0033129441
       -0.0003335050   0.0034909452   0.0002615286  -0.0000363106  -0.0037562181
       -0.0035350961   0.0003185682   0.0002279982  -0.0000297643  -0.0000003822
        0.0046236688   0.0010609585   0.0000017185   0.0337999497   0.8039486075
        0.0003208641   0.0309223246  -0.0831527615  -0.0000742063  -0.0013516034
       -0.0015458609   0.0000005363  -0.0029069185  -0.0023434668   0.0000007646
        0.0012368825   0.0014256374  -0.0000018761   0.0025309087  -0.0011921226
       -0.0000004948   0.0003900865   0.0017505695   0.0000001976  -0.0050939056
       -0.0003372869   0.0000006461  -0.0519446324  -0.6682076426  -0.0002938050
       -0.0180173305  -0.0478113184  -0.0000016962   0.0032358794   0.0015083347
       -0.0000020926  -0.0002751612   0.0008574508   0.0000002366   0.0081646387
       -0.0026425044  -0.0000164868   0.0002061409   0.0003532865  -0.0000000692
        0.0000876272  -0.0000019545   0.0000022179  -0.0033332630  -0.0023565545
        0.0010680878   0.0016783620   0.0013997666   0.0000611146  -0.0036583324
       -0.0024386009  -0.0010669325  -0.0002953219  -0.0002745375   0.0000012755
        0.0000030768   0.0000003376   0.0000654677  -0.0000499589   0.0003208641
        0.0257328338   0.0000302332  -0.0000933295   0.0125134091  -0.0000080224
       -0.0000024027  -0.0012550360   0.0000023090   0.0000010461   0.0008727431
        0.0000011175   0.0000001963  -0.0000919377   0.0000020152  -0.0000016748
        0.0003774752  -0.0000007621   0.0000001719  -0.0001090921  -0.0000023027
        0.0000005781  -0.0001800376  -0.0000231262  -0.0001918523  -0.0608314805
        0.0000550229  -0.0001020108   0.0178839150   0.0000026655  -0.0000002792
       -0.0005360238  -0.0000000806   0.0000000873   0.0000633855   0.0000053213
       -0.0000156596   0.0060820962   0.0000002096   0.0000001719  -0.0000234453
        0.0000002577  -0.0000000693   0.0000216088   0.0019645988   0.0020709349
        0.0001212554  -0.0000605871  -0.0000086427  -0.0007517880  -0.0019217818
       -0.0019784739   0.0001215023  -0.0000002057   0.0000000065  -0.0000768513
       -0.0108623757  -0.0016600165  -0.0000004430   0.0049991143   0.0309223246
        0.0000302332   0.6432271912  -0.0188932069  -0.0003751354  -0.2417606577
       -0.0335598003   0.0000777640  -0.0202089902  -0.0182390617   0.0000053771
       -0.0498247704   0.0050804815   0.0000255969   0.0002057991   0.0004020478
        0.0000005127  -0.0014015160   0.0020004195   0.0000082175   0.0089280049
        0.0007096661  -0.0000005767  -0.2105928364   0.0860048507   0.0002077900
       -0.0522064396   0.0094138937   0.0000185013  -0.0026370764   0.0006141320
        0.0000000788   0.0021632909  -0.0017146592   0.0000007781  -0.0604095730
       -0.0606070721  -0.0000373548  -0.0005831025  -0.0002337070  -0.0000001770
       -0.0011996508  -0.0001878503   0.0000001624  -0.0008357345   0.0012230325
        0.0000295637  -0.0072160533  -0.0030413516  -0.0000145574  -0.0007883857
        0.0012801518   0.0000245920   0.0010037615   0.0004857252  -0.0000009233
        0.0015983057   0.0004599768   0.0000008068   0.0448156354  -0.0831527615
       -0.0000933295  -0.0188932069   0.7088378294   0.0007843785  -0.0508011964
       -0.0946833782  -0.0000464012  -0.0383115319  -0.0130955942   0.0000064211
        0.0288892387   0.0039074669  -0.0000135445   0.0008256817  -0.0066478705
       -0.0000036051   0.0016914847  -0.0039502568  -0.0000048060  -0.0020240463
        0.0007170564   0.0000003009   0.1006751954  -0.1509512779  -0.0002475054
       -0.0064394275   0.0079121809   0.0001228227   0.0019934797   0.0014038761
        0.0000013921   0.0025352221   0.0013929740   0.0000013538  -0.0628480253
       -0.3713421508  -0.0004539241  -0.0014416977  -0.0002111672   0.0000010777
        0.0013628650   0.0000530943   0.0000009594  -0.0005258752   0.0000934009
        0.0005814129  -0.0025039688  -0.0008631329  -0.0000004619  -0.0005940248
        0.0001623744  -0.0006386198  -0.0000041077  -0.0000426401   0.0000012715
       -0.0000010999   0.0000009882  -0.0010149893   0.0000235726  -0.0000742063
        0.0125134091  -0.0003751354   0.0007843785   0.0512799707   0.0000672683
       -0.0000627583  -0.0338704484  -0.0000196660   0.0000047008   0.0001514463
        0.0000424017   0.0000013122   0.0029512460   0.0000013855  -0.0000084971
        0.0062433731   0.0000009477  -0.0000037707   0.0052019472   0.0000027073
       -0.0000033245   0.0002356388   0.0002419626  -0.0002074793  -0.0377954542
        0.0000040759   0.0000532702   0.0062370216   0.0000041547   0.0000011625
       -0.0021492858   0.0000002001   0.0000016393  -0.0017141347  -0.0000369701
       -0.0004293339  -0.0111308368  -0.0000015934  -0.0000004339   0.0002140443
        0.0000013556   0.0000001197   0.0002306958   0.0013483357   0.0007677816
        0.0008261442   0.0000002405  -0.0000161938   0.0010470171  -0.0013033927
       -0.0008091960   0.0007923289  -0.0000007506  -0.0000001595  -0.0002491340
        0.0067674212   0.0006673312   0.0000000934   0.0037877263  -0.0013516034
       -0.0000080224  -0.2417606577  -0.0508011964   0.0000672683   0.6329766841
        0.0089811582  -0.0001778397  -0.1095283510  -0.0955893164  -0.0000396464
       -0.1719515685   0.1427205429   0.0000969021  -0.0139172858  -0.0335681184
       -0.0000137061  -0.0516206246   0.0097944192   0.0000109019  -0.0043742591
        0.0123555367   0.0000059683  -0.0427357002   0.0081437039   0.0000759837
        0.0001432842   0.0018777599   0.0000193001   0.0078743030   0.0180789909
        0.0000073723   0.0041065796  -0.0073907938  -0.0000083770  -0.0079006165
       -0.0097259757  -0.0000023034  -0.0053923808  -0.0012513257  -0.0000002200
       -0.0046860447  -0.0013271876   0.0000016513  -0.0004561251  -0.0002151931
       -0.0001447743  -0.0004717986  -0.0008845928  -0.0000317919  -0.0004207219
       -0.0002116071   0.0001419774  -0.0004398637  -0.0003025324  -0.0000007376
        0.0011881757   0.0020385013   0.0000003519  -0.0009202400  -0.0015458609
       -0.0000024027  -0.0335598003  -0.0946833782  -0.0000627583   0.0089811582
        0.6694494023   0.0002855367  -0.0228404294  -0.2942503272  -0.0001176095
        0.0674196492  -0.2203957273  -0.0000999222  -0.0898283954   0.0063544964
        0.0000191684   0.0656797336   0.0448166661   0.0000113959   0.0121613953
       -0.0654393277  -0.0000316002   0.0085105592   0.0134888395   0.0000368633
        0.0046194994  -0.0007450018  -0.0000008478  -0.0056684553  -0.0245780126
       -0.0000167117   0.0151509151  -0.0260543765  -0.0000129310  -0.0283918392
       -0.0121503523   0.0000148000  -0.0005676893   0.0014506946  -0.0000041811
       -0.0023245339   0.0011967792  -0.0000036751  -0.0000810595  -0.0000838570
        0.0000844521   0.0008524109   0.0005446117  -0.0000074887  -0.0001003988
       -0.0000787652  -0.0000923115  -0.0002806556   0.0006649956  -0.0000001286
       -0.0000037597   0.0000004416  -0.0000668923  -0.0000082631   0.0000005363
       -0.0012550360   0.0000777640  -0.0000464012  -0.0338704484  -0.0001778397
        0.0002855367   0.1232100985   0.0000041519  -0.0001019653  -0.0489242092
        0.0000719251  -0.0001211640  -0.0487996405  -0.0000430926   0.0000095759
       -0.0012811600   0.0000349218   0.0000169579  -0.0007919490   0.0000068241
       -0.0000292409  -0.0060932522   0.0000308127   0.0000067896  -0.0050593024
        0.0000017425   0.0000232548   0.0049106978  -0.0000044206  -0.0000166941
        0.0015247148   0.0000073204  -0.0000113979   0.0011007397  -0.0000306131
       -0.0000052082  -0.0017428846   0.0000015627  -0.0000024961   0.0082330516
        0.0000005725  -0.0000038787   0.0082216174   0.0004857666   0.0003156057
       -0.0000039647  -0.0000205830  -0.0000153163   0.0004046723  -0.0004352147
       -0.0003055520  -0.0000017892   0.0000004223   0.0000006160   0.0002849364
       -0.0042946191   0.0006694264   0.0000014640  -0.0050549644  -0.0029069185
        0.0000023090  -0.0202089902  -0.0383115319  -0.0000196660  -0.1095283510
       -0.0228404294   0.0000041519   0.6826518764  -0.0174249308  -0.0001000392
        0.0501773961  -0.0056385402  -0.0000084739  -0.3340242312  -0.0797647137
       -0.0000115594  -0.0349146827  -0.0321365893  -0.0000094932  -0.0512762864
        0.0680033301   0.0000390360   0.0012768724   0.0006603988   0.0000055198
       -0.0001679873   0.0001662734   0.0000026041  -0.1543279798   0.1330793071
        0.0000937013  -0.0020191292   0.0038731858   0.0000039835  -0.0061223738
       -0.0011633022   0.0000036226  -0.0123349414  -0.0051097724  -0.0000005241
        0.0001833420  -0.0010034453  -0.0000020071   0.0000678908   0.0000834339
        0.0001447633  -0.0000654842   0.0000749821  -0.0000006654   0.0000595731
        0.0000910023  -0.0001466585  -0.0000769302  -0.0004011660  -0.0000020686
        0.0039014711  -0.0049791623  -0.0000046548  -0.0022900644  -0.0023434668
        0.0000010461  -0.0182390617  -0.0130955942   0.0000047008  -0.0955893164
       -0.2942503272  -0.0001019653  -0.0174249308   0.6605004743   0.0002787753
        0.0463897063  -0.0582781994  -0.0000343094  -0.0060465417  -0.1010075872
       -0.0000352050  -0.0321072845  -0.0242491550  -0.0000042591   0.0096484177
        0.0467610506   0.0000230933   0.0033601088   0.0020633394  -0.0000051970
       -0.0003831341  -0.0001647565   0.0000027117   0.1354651264  -0.2003657977
       -0.0001124748   0.0030489468  -0.0035523495  -0.0000069145  -0.0011344148
        0.0008312625  -0.0000020466  -0.0284028425  -0.0075770470  -0.0000010430
       -0.0003583143   0.0001510419  -0.0000010027   0.0000617758   0.0000740692
        0.0000972935   0.0000242139   0.0000228978  -0.0000018953   0.0000551218
        0.0000746100  -0.0000959848   0.0000210166  -0.0006153029  -0.0000006684
        0.0000022341  -0.0000059322   0.0064526383   0.0000037988   0.0000007646
        0.0008727431   0.0000053771   0.0000064211   0.0001514463  -0.0000396464
       -0.0001176095  -0.0489242092  -0.0001000392   0.0002787753   0.1106806573
        0.0000171753  -0.0000295789   0.0012643825   0.0000335773  -0.0000222437
       -0.0407935464  -0.0000127659  -0.0000083255  -0.0024352565   0.0000085368
        0.0000195332  -0.0014334176  -0.0000021145  -0.0000012256  -0.0000810348
        0.0000031143   0.0000014313   0.0003348044   0.0000906335  -0.0001109777
       -0.0336604730   0.0000029634  -0.0000058560   0.0064672543  -0.0000013901
       -0.0000023891   0.0015802186  -0.0000124730  -0.0000029394  -0.0003895413
       -0.0000001690   0.0000002176  -0.0002728246   0.0000665916   0.0000927968
        0.0000258613  -0.0000030511   0.0000005921  -0.0000169253  -0.0000625054
       -0.0000931748   0.0000235750   0.0000001523  -0.0000002797   0.0001536475
       -0.0020067612   0.0007067212   0.0000010370   0.0003412386   0.0012368825
        0.0000011175  -0.0498247704   0.0288892387   0.0000424017  -0.1719515685
        0.0674196492   0.0000719251   0.0501773961   0.0463897063   0.0000171753
        0.6787110327   0.0144719768  -0.0000878238  -0.0555177653   0.0199879609
        0.0000154063  -0.3438817645  -0.0090230501   0.0000144284  -0.0104270215
       -0.0906162541  -0.0000454118  -0.0011685225  -0.0054160300  -0.0000233117
       -0.0022453308   0.0008303367   0.0000122725  -0.0006119614  -0.0019598762
       -0.0000011699  -0.0692205584  -0.0761815230  -0.0000228322   0.0008794109
        0.0030272815   0.0000019328  -0.0004974201   0.0008287286  -0.0000007944
       -0.0220986808  -0.0010775897   0.0000019672   0.0001853256   0.0001492129
        0.0001758750  -0.0004897000  -0.0002136332  -0.0000015578   0.0001922721
        0.0001597673  -0.0001754929  -0.0005448506   0.0003904938   0.0000028559
        0.0000987928  -0.0062685098  -0.0000064576   0.0001402496   0.0014256374
        0.0000001963   0.0050804815   0.0039074669   0.0000013122   0.1427205429
       -0.2203957273  -0.0001211640  -0.0056385402  -0.0582781994  -0.0000295789
        0.0144719768   0.6510049731   0.0002633420   0.0200854760  -0.0044489548
       -0.0000034052  -0.0813320749  -0.1011680596  -0.0000206193  -0.0342032651
        0.0067081088   0.0000086515  -0.0014958985  -0.0012406764   0.0000012273
       -0.0004707872  -0.0000069448  -0.0000047356  -0.0021471128  -0.0050324083
       -0.0000039789  -0.0748724551  -0.2711053500  -0.0000926572  -0.0028112031
        0.0022139970   0.0000034262   0.0003512370   0.0008085127  -0.0000000312
        0.0219934182   0.0029352287   0.0000015285  -0.0001066303  -0.0000251539
       -0.0001123481  -0.0000493784  -0.0001193927   0.0000003926  -0.0001033225
       -0.0000276028   0.0001160585  -0.0017115068  -0.0008869447  -0.0000011592
        0.0000040209  -0.0000058562   0.0053483956  -0.0000016122  -0.0000018761
       -0.0000919377   0.0000255969  -0.0000135445   0.0029512460   0.0000969021
       -0.0000999222  -0.0487996405  -0.0000084739  -0.0000343094   0.0012643825
       -0.0000878238   0.0002633420   0.1095688357   0.0000154737  -0.0000036618
       -0.0032677473  -0.0000087301  -0.0000262270  -0.0398754767  -0.0000198962
        0.0000138580  -0.0023425428   0.0000007794   0.0000040497   0.0003214196
        0.0000003095   0.0000004101   0.0002349432   0.0000006703  -0.0000054192
        0.0068694314  -0.0000269400  -0.0000926491  -0.0322233370  -0.0000003370
        0.0000009017  -0.0008121485   0.0000002817   0.0000003876  -0.0000204281
        0.0000123867   0.0000015253  -0.0003087512   0.0000636369   0.0000303537
        0.0000136326  -0.0000029974  -0.0000005507  -0.0000045005  -0.0000623148
       -0.0000294823   0.0000105584  -0.0000009325  -0.0000013297   0.0011636655
       -0.0496344320   0.0299571667   0.0000173261  -0.0010957734   0.0025309087
        0.0000020152   0.0002057991   0.0008256817   0.0000013855  -0.0139172858
       -0.0898283954  -0.0000430926  -0.3340242312  -0.0060465417   0.0000335773
       -0.0555177653   0.0200854760   0.0000154737   0.6706753733   0.0079163690
       -0.0000473274   0.0502705329   0.0473779437   0.0000155346  -0.1762747320
        0.0651287946   0.0000372642  -0.0002183674  -0.0018843791  -0.0000053822
       -0.0000826008  -0.0000899367   0.0000033785  -0.0214007763  -0.0015775033
       -0.0000020788  -0.0003893368   0.0007662580   0.0000012278  -0.0000985392
        0.0001882006   0.0000018028  -0.0695336320  -0.0753661799  -0.0000324664
       -0.0003109232  -0.0023069598  -0.0000005128  -0.0000062281  -0.0000323587
        0.0000299601  -0.0000065473  -0.0000062313  -0.0000009439  -0.0000018381
       -0.0000287145  -0.0000307517   0.0013613035   0.0023904014   0.0000036101
       -0.0025773394   0.0030546937  -0.0000017521   0.0018932719  -0.0011921226
       -0.0000016748   0.0004020478  -0.0066478705  -0.0000084971  -0.0335681184
        0.0063544964   0.0000095759  -0.0797647137  -0.1010075872  -0.0000222437
        0.0199879609  -0.0044489548  -0.0000036618   0.0079163690   0.6575958869
        0.0002516182  -0.0053863577  -0.0577513243  -0.0000285949   0.1513113568
       -0.2277522274  -0.0000935551  -0.0014240181   0.0007910347  -0.0000057407
        0.0003033684   0.0004490588   0.0000081157   0.0203845748   0.0035134780
        0.0000002881   0.0002486084   0.0008472421  -0.0000000025  -0.0015318561
       -0.0006425361   0.0000011627  -0.0745315163  -0.2709081552  -0.0001001188
       -0.0019381192  -0.0052955101  -0.0000055299   0.0000749159   0.0000417513
        0.0000508351  -0.0000111834   0.0000257144  -0.0000005632   0.0000732912
        0.0000435839  -0.0000521993  -0.0018625430   0.0029293481   0.0000025381
        0.0000043327  -0.0000022386   0.0054452209   0.0000017128  -0.0000004948
        0.0003774752   0.0000005127  -0.0000036051   0.0062433731  -0.0000137061
        0.0000191684  -0.0012811600  -0.0000115594  -0.0000352050  -0.0407935464
        0.0000154063  -0.0000034052  -0.0032677473  -0.0000473274   0.0002516182
        0.1083210625  -0.0000095289  -0.0000356211   0.0004405799   0.0000780197
       -0.0000846656  -0.0498023690   0.0000025039  -0.0000013169   0.0001233015
       -0.0000013821  -0.0000013273  -0.0005994977   0.0000139864   0.0000019594
        0.0003571170   0.0000003494   0.0000003196  -0.0000736278   0.0000017295
        0.0000001528   0.0007098671  -0.0000308014  -0.0001013678  -0.0318879307
       -0.0000006955  -0.0000059553   0.0069825208  -0.0000599528  -0.0000484307
       -0.0000045210   0.0000019879   0.0000012679  -0.0000370979   0.0000553163
        0.0000473379  -0.0000043478  -0.0000009041   0.0000018091  -0.0012486725
       -0.0245069670  -0.0432913224  -0.0000214756   0.0002853889   0.0003900865
       -0.0000007621  -0.0014015160   0.0016914847   0.0000009477  -0.0516206246
        0.0656797336   0.0000349218  -0.0349146827  -0.0321072845  -0.0000127659
       -0.3438817645  -0.0813320749  -0.0000087301   0.0502705329  -0.0053863577
       -0.0000095289   0.6953218463  -0.0090992325  -0.0000483844  -0.1100350259
       -0.0203669969  -0.0000095086  -0.0008183103  -0.0009613928   0.0000123245
       -0.0003209513  -0.0000654097  -0.0000076039   0.0002930487  -0.0010098707
        0.0000009164  -0.0124099727  -0.0051081017  -0.0000033214  -0.0002759935
       -0.0000193098  -0.0000010988  -0.0019522834   0.0036507201   0.0000033374
       -0.1578200650   0.1300876061   0.0000739755  -0.0000620518   0.0000033870
       -0.0000201917  -0.0000266023  -0.0000431431  -0.0000012035  -0.0000594169
        0.0000037386   0.0000212135  -0.0060645888  -0.0027162600  -0.0000030620
       -0.0157504039  -0.0120717929  -0.0000080288  -0.0000757513   0.0017505695
        0.0000001719   0.0020004195  -0.0039502568  -0.0000037707   0.0097944192
        0.0448166661   0.0000169579  -0.0321365893  -0.0242491550  -0.0000083255
       -0.0090230501  -0.1011680596  -0.0000262270   0.0473779437  -0.0577513243
       -0.0000356211  -0.0090992325   0.6519517783   0.0002934758  -0.0994803571
       -0.2919566134  -0.0001251989   0.0022881520  -0.0017754939   0.0000063543
        0.0001471180  -0.0003486947  -0.0000071727  -0.0002567976   0.0001051151
        0.0000011969  -0.0289029644  -0.0081215694  -0.0000006408   0.0001086225
       -0.0006033476  -0.0000019444   0.0031806857  -0.0034148156  -0.0000045020
        0.1309497165  -0.1930822687  -0.0000962614  -0.0000785781  -0.0000463087
       -0.0000375659   0.0000541062   0.0000273524   0.0000005877  -0.0000772954
       -0.0000468995   0.0000375932  -0.0010201637  -0.0000648814  -0.0000010787
       -0.0000085316  -0.0000062759   0.0034017869   0.0000001365   0.0000001976
       -0.0001090921   0.0000082175  -0.0000048060   0.0052019472   0.0000109019
        0.0000113959  -0.0007919490  -0.0000094932  -0.0000042591  -0.0024352565
        0.0000144284  -0.0000206193  -0.0398754767   0.0000155346  -0.0000285949
        0.0004405799  -0.0000483844   0.0002934758   0.1084328280  -0.0000478507
       -0.0001359822  -0.0506465517   0.0000005053  -0.0000001136   0.0012839492
        0.0000002602  -0.0000018513  -0.0004625540  -0.0000003758   0.0000000520
       -0.0001021681  -0.0000120640  -0.0000035049  -0.0000622764   0.0000004486
        0.0000002117   0.0001307266   0.0000020439  -0.0000046243   0.0067576311
        0.0000765641  -0.0000943767  -0.0325921577  -0.0000495474  -0.0000214644
        0.0000002011   0.0000022836   0.0000011836  -0.0000395192   0.0000453434
        0.0000205509  -0.0000006957  -0.0000004208  -0.0000005950   0.0014680469
       -0.2899208516  -0.0353823229  -0.0000066700   0.0008465349  -0.0050939056
       -0.0000023027   0.0089280049  -0.0020240463   0.0000027073  -0.0043742591
        0.0121613953   0.0000068241  -0.0512762864   0.0096484177   0.0000085368
       -0.0104270215  -0.0342032651  -0.0000198962  -0.1762747320   0.1513113568
        0.0000780197  -0.1100350259  -0.0994803571  -0.0000478507   0.6501461935
       -0.0018846024  -0.0000254905  -0.0058024595   0.0073476355   0.0000025064
        0.0012430644   0.0004284620   0.0000120301  -0.0045184988  -0.0009268018
        0.0000002063  -0.0053006269  -0.0012461317   0.0000001872  -0.0000008116
       -0.0002174031  -0.0000029048   0.0034641838  -0.0081877151  -0.0000042996
        0.0058047212   0.0206491583   0.0000114999   0.0000898432   0.0000992628
        0.0001097059   0.0001245044  -0.0000208922  -0.0000067669   0.0000833192
        0.0000970539  -0.0001120234  -0.0127997963  -0.0130752991  -0.0000040187
       -0.0018449278  -0.0799125125  -0.0000244785  -0.0004258556  -0.0003372869
        0.0000005781   0.0007096661   0.0007170564  -0.0000033245   0.0123555367
       -0.0654393277  -0.0000292409   0.0680033301   0.0467610506   0.0000195332
       -0.0906162541   0.0067081088   0.0000138580   0.0651287946  -0.2277522274
       -0.0000846656  -0.0203669969  -0.2919566134  -0.0001359822  -0.0018846024
        0.6669161811   0.0002804720  -0.0009186949   0.0012445067   0.0000013019
        0.0001966385   0.0000953559   0.0000021716  -0.0020686577   0.0010193295
       -0.0000058244  -0.0003000552   0.0014957058  -0.0000026245   0.0001493080
        0.0003613670   0.0000008678   0.0163361008  -0.0267904452  -0.0000161974
       -0.0048469012  -0.0255766846  -0.0000133308   0.0000570779   0.0000239398
        0.0000418030  -0.0000022418   0.0000389962  -0.0000003436   0.0000580192
        0.0000246397  -0.0000434877  -0.0397192844  -0.0076411397  -0.0000010856
        0.0000137490  -0.0000236212  -0.0349362086  -0.0000008493   0.0000006461
       -0.0001800376  -0.0000005767   0.0000003009   0.0002356388   0.0000059683
       -0.0000316002  -0.0060932522   0.0000390360   0.0000230933  -0.0014334176
       -0.0000454118   0.0000086515  -0.0023425428   0.0000372642  -0.0000935551
       -0.0498023690  -0.0000095086  -0.0001251989  -0.0506465517  -0.0000254905
        0.0002804720   0.1257474011   0.0000012802  -0.0000005047   0.0001960627
       -0.0000003951  -0.0000004673  -0.0000927905   0.0000011913  -0.0000038942
        0.0082708058   0.0000019505  -0.0000031616   0.0086718728   0.0000001303
        0.0000004342   0.0002206475   0.0000074542  -0.0000128379   0.0011385045
       -0.0000027317  -0.0000161974   0.0019727762  -0.0000229127  -0.0000278272
       -0.0000102464   0.0000008729   0.0000000171   0.0000003360   0.0000215840
        0.0000280673  -0.0000094593  -0.0000226046  -0.0000028169  -0.0009071697
        0.0067337454   0.0009105967   0.0000001232  -0.0830798941  -0.0519446324
       -0.0000231262  -0.2105928364   0.1006751954   0.0002419626  -0.0427357002
        0.0085105592   0.0000308127   0.0012768724   0.0033601088  -0.0000021145
       -0.0011685225  -0.0014958985   0.0000007794  -0.0002183674  -0.0014240181
        0.0000025039  -0.0008183103   0.0022881520   0.0000005053  -0.0058024595
       -0.0009186949   0.0000012802   0.5002631460  -0.0032090698  -0.0000789808
       -0.1445093253  -0.0369254637   0.0002050779   0.0019142198  -0.0015172921
       -0.0000003520   0.0000044401  -0.0002748619  -0.0000004663   0.0075617535
       -0.0012635460  -0.0000119435   0.0005261420   0.0004434623   0.0000013513
       -0.0000305831  -0.0003161244   0.0000009249  -0.0020040966  -0.0046348315
       -0.0013442175  -0.0252748808  -0.0077614896   0.0000070308  -0.0013880019
       -0.0043030630   0.0009676470  -0.0006573412  -0.0001990886   0.0000012018
       -0.0069788593  -0.0015628897  -0.0000025885  -0.0372025528  -0.6682076426
       -0.0001918523   0.0860048507  -0.1509512779  -0.0002074793   0.0081437039
        0.0134888395   0.0000067896   0.0006603988   0.0020633394  -0.0000012256
       -0.0054160300  -0.0012406764   0.0000040497  -0.0018843791   0.0007910347
       -0.0000013169  -0.0009613928  -0.0017754939  -0.0000001136   0.0073476355
        0.0012445067  -0.0000005047  -0.0032090698   0.9311719356   0.0006268785
       -0.0456756230  -0.0827820002   0.0000284757  -0.0073881930  -0.0023924430
        0.0000049422   0.0004610258  -0.0008252529   0.0000000605   0.0182000408
       -0.0247773732   0.0000058068  -0.0004994038  -0.0005838825  -0.0000004498
       -0.0003619744   0.0000286953  -0.0000030883  -0.0143579555  -0.0113631277
       -0.0043500790   0.0174634064   0.0093874272  -0.0000890546  -0.0148188355
       -0.0121054919   0.0041727781   0.0004732069   0.0003917735  -0.0000020285
       -0.0000051376  -0.0000019974  -0.0002735071   0.0000027841  -0.0002938050
       -0.0608314805   0.0002077900  -0.0002475054  -0.0377954542   0.0000759837
        0.0000368633  -0.0050593024   0.0000055198  -0.0000051970  -0.0000810348
       -0.0000233117   0.0000012273   0.0003214196  -0.0000053822  -0.0000057407
        0.0001233015   0.0000123245   0.0000063543   0.0012839492   0.0000025064
        0.0000013019   0.0001960627  -0.0000789808   0.0006268785   0.1782719425
       -0.0001363090  -0.0000184706  -0.0693138477  -0.0000056530  -0.0000009713
       -0.0000438852  -0.0000002940  -0.0000001782  -0.0001031145   0.0000282035
       -0.0000119909  -0.0050745906  -0.0000004058  -0.0000002198   0.0000548485
       -0.0000017525  -0.0000003427   0.0000008604  -0.0219985641  -0.0138344037
       -0.0012082013   0.0005817497   0.0002841435   0.0005120750   0.0213393857
        0.0134643201  -0.0010401183  -0.0000004569  -0.0000002661   0.0000600774
       -0.0013071817  -0.0001248989   0.0000008601  -0.0032185097  -0.0180173305
        0.0000550229  -0.0522064396  -0.0064394275   0.0000040759   0.0001432842
        0.0046194994   0.0000017425  -0.0001679873  -0.0003831341   0.0000031143
       -0.0022453308  -0.0004707872   0.0000003095  -0.0000826008   0.0003033684
       -0.0000013821  -0.0003209513   0.0001471180   0.0000002602   0.0012430644
        0.0001966385  -0.0000003951  -0.1445093253  -0.0456756230  -0.0001363090
        0.4696733625  -0.0460621054  -0.0006305538   0.0000656232   0.0002618623
        0.0000001709   0.0000603612  -0.0000290281  -0.0000005887  -0.0001810579
       -0.0021191635  -0.0000035761  -0.0001296354  -0.0000887352   0.0000002649
       -0.0002361906   0.0000409599  -0.0000005413  -0.0418307575  -0.0059735207
       -0.0128149445  -0.1833077867   0.1239919383   0.0038874361  -0.0415917369
       -0.0041850534   0.0096347378   0.0001497958   0.0000074227   0.0000002955
       -0.0005879215  -0.0000149778   0.0000010874  -0.0402688144  -0.0478113184
       -0.0001020108   0.0094138937   0.0079121809   0.0000532702   0.0018777599
       -0.0007450018   0.0000232548   0.0001662734  -0.0001647565   0.0000014313
        0.0008303367  -0.0000069448   0.0000004101  -0.0000899367   0.0004490588
       -0.0000013273  -0.0000654097  -0.0003486947  -0.0000018513   0.0004284620
        0.0000953559  -0.0000004673  -0.0369254637  -0.0827820002  -0.0000184706
       -0.0460621054   0.5136597611  -0.0005705423   0.0008650852   0.0001516249
       -0.0000004766  -0.0000465954   0.0001463821   0.0000000220   0.0008707767
        0.0004207172  -0.0000319104   0.0000439250   0.0000132309  -0.0000000977
        0.0000528655   0.0000407432   0.0000000086  -0.0073230743  -0.1142911339
       -0.1113262409   0.1223453534  -0.1527477123  -0.0031914941  -0.0055969632
       -0.1239894894   0.1151653284   0.0000715529   0.0000129749   0.0000000766
       -0.0000139007  -0.0000008564   0.0001729299   0.0000690322  -0.0000016962
        0.0178839150   0.0000185013   0.0001228227   0.0062370216   0.0000193001
       -0.0000008478   0.0049106978   0.0000026041   0.0000027117   0.0003348044
        0.0000122725  -0.0000047356   0.0002349432   0.0000033785   0.0000081157
       -0.0005994977  -0.0000076039  -0.0000071727  -0.0004625540   0.0000120301
        0.0000021716  -0.0000927905   0.0002050779   0.0000284757  -0.0693138477
       -0.0006305538  -0.0005705423   0.4913123479   0.0000025132   0.0000017212
        0.0002176395  -0.0000011872   0.0000023084   0.0000379697  -0.0000393047
       -0.0000007827  -0.0010582321  -0.0000003449  -0.0000003157  -0.0000096992
        0.0000004698   0.0000005566  -0.0000389587  -0.0171121513  -0.1152009498
       -0.2069650688   0.0038682902  -0.0032209464  -0.0448313060   0.0135894928
        0.1188392161  -0.1979717918   0.0000020838   0.0000007459   0.0000014774
       -0.0011953053   0.0010701342   0.0000002397  -0.0047053124   0.0032358794
        0.0000026655  -0.0026370764   0.0019934797   0.0000041547   0.0078743030
       -0.0056684553  -0.0000044206  -0.1543279798   0.1354651264   0.0000906335
       -0.0006119614  -0.0021471128   0.0000006703  -0.0214007763   0.0203845748
        0.0000139864   0.0002930487  -0.0002567976  -0.0000003758  -0.0045184988
       -0.0020686577   0.0000011913   0.0019142198  -0.0073881930  -0.0000056530
        0.0000656232   0.0008650852   0.0000025132   0.1782269806  -0.1458536730
       -0.0001034990   0.0002394323  -0.0007257767  -0.0000004528  -0.0001211971
        0.0000731502   0.0000005208   0.0007764357   0.0008460915  -0.0000001557
        0.0000577965  -0.0001115573  -0.0000002395   0.0000732571   0.0000745877
        0.0000259181  -0.0001472003   0.0000175606   0.0000015810   0.0000788195
        0.0000808016  -0.0000294090   0.0000653916   0.0001137523   0.0000001309
       -0.0007931634   0.0000951274   0.0000001964   0.0012390421   0.0015083347
       -0.0000002792   0.0006141320   0.0014038761   0.0000011625   0.0180789909
       -0.0245780126  -0.0000166941   0.1330793071  -0.2003657977  -0.0001109777
       -0.0019598762  -0.0050324083  -0.0000054192  -0.0015775033   0.0035134780
        0.0000019594  -0.0010098707   0.0001051151   0.0000000520  -0.0009268018
        0.0010193295  -0.0000038942  -0.0015172921  -0.0023924430  -0.0000009713
        0.0002618623   0.0001516249   0.0000017212  -0.1458536730   0.2241904713
        0.0001314979   0.0008541680  -0.0012311089  -0.0000009672   0.0003681924
        0.0003879374   0.0000007612  -0.0009591776   0.0009902214   0.0000022278
       -0.0000805937   0.0001148193   0.0000010253   0.0000540529   0.0000013322
       -0.0000028787   0.0000317171   0.0000730010   0.0000004708   0.0000558966
        0.0000008529   0.0000010123   0.0000405906   0.0000442493  -0.0000000053
        0.0000009725   0.0000003018  -0.0001171637   0.0000031156  -0.0000020926
       -0.0005360238   0.0000000788   0.0000013921  -0.0021492858   0.0000073723
       -0.0000167117   0.0015247148   0.0000937013  -0.0001124748  -0.0336604730
       -0.0000011699  -0.0000039789   0.0068694314  -0.0000020788   0.0000002881
        0.0003571170   0.0000009164   0.0000011969  -0.0001021681   0.0000002063
       -0.0000058244   0.0082708058  -0.0000003520   0.0000049422  -0.0000438852
        0.0000001709  -0.0000004766   0.0002176395  -0.0001034990   0.0001314979
        0.0240193479   0.0000004716  -0.0000000180  -0.0002992235   0.0000003231
        0.0000001549   0.0000555750  -0.0000009007   0.0000014633  -0.0028645249
        0.0000000747   0.0000010103  -0.0015670267   0.0000195373  -0.0000138659
       -0.0000167770   0.0000003137   0.0000000178   0.0000316111  -0.0000193209
        0.0000132224  -0.0000155863   0.0000000668  -0.0000000449   0.0000258953
       -0.0004983196  -0.0015915707  -0.0000009281  -0.0000597638  -0.0002751612
       -0.0000000806   0.0021632909   0.0025352221   0.0000002001   0.0041065796
        0.0151509151   0.0000073204  -0.0020191292   0.0030489468   0.0000029634
       -0.0692205584  -0.0748724551  -0.0000269400  -0.0003893368   0.0002486084
        0.0000003494  -0.0124099727  -0.0289029644  -0.0000120640  -0.0053006269
       -0.0003000552   0.0000019505   0.0000044401   0.0004610258  -0.0000002940
        0.0000603612  -0.0000465954  -0.0000011872   0.0002394323   0.0008541680
        0.0000004716   0.0837775373   0.0854059259   0.0000287535  -0.0008311990
       -0.0005167893  -0.0000005963  -0.0000849318  -0.0000201951  -0.0000001695
        0.0008380490  -0.0008361136  -0.0000007211  -0.0000179745  -0.0000021328
       -0.0000418888   0.0000454330  -0.0000161055   0.0000005333  -0.0000200075
       -0.0000038822   0.0000426954  -0.0003833030  -0.0003207915  -0.0000003679
       -0.0001497818  -0.0004452987  -0.0000002837   0.0001638823   0.0008574508
        0.0000000873  -0.0017146592   0.0013929740   0.0000016393  -0.0073907938
       -0.0260543765  -0.0000113979   0.0038731858  -0.0035523495  -0.0000058560
       -0.0761815230  -0.2711053500  -0.0000926491   0.0007662580   0.0008472421
        0.0000003196  -0.0051081017  -0.0081215694  -0.0000035049  -0.0012461317
        0.0014957058  -0.0000031616  -0.0002748619  -0.0008252529  -0.0000001782
       -0.0000290281   0.0001463821   0.0000023084  -0.0007257767  -0.0012311089
       -0.0000000180   0.0854059259   0.3052739190   0.0001118800   0.0018138946
        0.0000420141  -0.0000000536  -0.0000134774   0.0001216888   0.0000009827
        0.0007503660   0.0010997590   0.0000016303   0.0000542004   0.0000345768
        0.0000657432  -0.0000832812   0.0000142678   0.0000002691   0.0000570710
        0.0000397020  -0.0000679518   0.0000326325  -0.0000303764   0.0000001948
        0.0000003147   0.0000000290   0.0001285356  -0.0000000370   0.0000002366
        0.0000633855   0.0000007781   0.0000013538  -0.0017141347  -0.0000083770
       -0.0000129310   0.0011007397   0.0000039835  -0.0000069145   0.0064672543
       -0.0000228322  -0.0000926572  -0.0322233370   0.0000012278  -0.0000000025
       -0.0000736278  -0.0000033214  -0.0000006408  -0.0000622764   0.0000001872
       -0.0000026245   0.0086718728  -0.0000004663   0.0000000605  -0.0001031145
       -0.0000005887   0.0000000220   0.0000379697  -0.0000004528  -0.0000009672
       -0.0002992235   0.0000287535   0.0001118800   0.0229267232  -0.0000000038
       -0.0000008128  -0.0002077467  -0.0000000575   0.0000008504  -0.0015351972
       -0.0000002422   0.0000022526  -0.0029822958  -0.0000280611  -0.0000041084
       -0.0000054123   0.0000001786  -0.0000007826   0.0000034462   0.0000289539
        0.0000056887  -0.0000041317   0.0000000628   0.0000000678  -0.0001894292
        0.0002680633   0.0001890770  -0.0000001616  -0.0047369031   0.0081646387
        0.0000053213  -0.0604095730  -0.0628480253  -0.0000369701  -0.0079006165
       -0.0283918392  -0.0000306131  -0.0061223738  -0.0011344148  -0.0000013901
        0.0008794109  -0.0028112031  -0.0000003370  -0.0000985392  -0.0015318561
        0.0000017295  -0.0002759935   0.0001086225   0.0000004486  -0.0000008116
        0.0001493080   0.0000001303   0.0075617535   0.0182000408   0.0000282035
       -0.0001810579   0.0008707767  -0.0000393047  -0.0001211971   0.0003681924
        0.0000003231  -0.0008311990   0.0018138946  -0.0000000038   0.0739979619
        0.0665449155   0.0000067704  -0.0004302441  -0.0000280761   0.0000001059
        0.0000726056   0.0000410195   0.0000000974  -0.0007211470   0.0002899528
       -0.0010341229  -0.0002143804  -0.0002733655   0.0000030304  -0.0007881451
        0.0002609526   0.0010966667   0.0000523861   0.0000173886   0.0000000763
        0.0004355536   0.0000583172   0.0000000492   0.0055341317  -0.0026425044
       -0.0000156596  -0.0606070721  -0.3713421508  -0.0004293339  -0.0097259757
       -0.0121503523  -0.0000052082  -0.0011633022   0.0008312625  -0.0000023891
        0.0030272815   0.0022139970   0.0000009017   0.0001882006  -0.0006425361
        0.0000001528  -0.0000193098  -0.0006033476   0.0000002117  -0.0002174031
        0.0003613670   0.0000004342  -0.0012635460  -0.0247773732  -0.0000119909
       -0.0021191635   0.0004207172  -0.0000007827   0.0000731502   0.0003879374
        0.0000001549  -0.0005167893   0.0000420141  -0.0000008128   0.0665449155
        0.4070077860   0.0004590732  -0.0001969458  -0.0000227873   0.0000002812
        0.0001933689   0.0000366964  -0.0000001573   0.0002266589   0.0003798682
        0.0003029083  -0.0006305969   0.0000601126   0.0000048021   0.0002312017
        0.0004269153  -0.0003027199   0.0000056419  -0.0000459391   0.0000000851
        0.0000031392   0.0000006302  -0.0001637111   0.0000093362  -0.0000164868
        0.0060820962  -0.0000373548  -0.0004539241  -0.0111308368  -0.0000023034
        0.0000148000  -0.0017428846   0.0000036226  -0.0000020466   0.0015802186
        0.0000019328   0.0000034262  -0.0008121485   0.0000018028   0.0000011627
        0.0007098671  -0.0000010988  -0.0000019444   0.0001307266  -0.0000029048
        0.0000008678   0.0002206475  -0.0000119435   0.0000058068  -0.0050745906
       -0.0000035761  -0.0000319104  -0.0010582321   0.0000005208   0.0000007612
        0.0000555750  -0.0000005963  -0.0000000536  -0.0002077467   0.0000067704
        0.0004590732   0.0120103399   0.0000006809   0.0000003378  -0.0001529626
        0.0000004705   0.0000001207   0.0000066666  -0.0007690820  -0.0001750122
       -0.0002099461   0.0000116471   0.0000023836  -0.0000764440   0.0007889452
        0.0001920894  -0.0001818932  -0.0000000089  -0.0000000816   0.0000152586
        0.0038742019   0.0019846083   0.0000007626  -0.0000335479   0.0002061409
        0.0000002096  -0.0005831025  -0.0014416977  -0.0000015934  -0.0053923808
       -0.0005676893   0.0000015627  -0.0123349414  -0.0284028425  -0.0000124730
       -0.0004974201   0.0003512370   0.0000002817  -0.0695336320  -0.0745315163
       -0.0000308014  -0.0019522834   0.0031806857   0.0000020439   0.0034641838
        0.0163361008   0.0000074542   0.0005261420  -0.0004994038  -0.0000004058
       -0.0001296354   0.0000439250  -0.0000003449   0.0007764357  -0.0009591776
       -0.0000009007  -0.0000849318  -0.0000134774  -0.0000000575  -0.0004302441
       -0.0001969458   0.0000006809   0.0825763313   0.0846798514   0.0000334812
        0.0002932773   0.0009288673   0.0000006070   0.0000217209   0.0000095248
        0.0000110893  -0.0000229218   0.0000130383   0.0000006498   0.0000221529
        0.0000112342  -0.0000112974  -0.0005594046  -0.0011324634  -0.0000009489
       -0.0013006561   0.0019388400   0.0000015128  -0.0000282123   0.0003532865
        0.0000001719  -0.0002337070  -0.0002111672  -0.0000004339  -0.0012513257
        0.0014506946  -0.0000024961  -0.0051097724  -0.0075770470  -0.0000029394
        0.0008287286   0.0008085127   0.0000003876  -0.0753661799  -0.2709081552
       -0.0001013678   0.0036507201  -0.0034148156  -0.0000046243  -0.0081877151
       -0.0267904452  -0.0000128379   0.0004434623  -0.0005838825  -0.0000002198
       -0.0000887352   0.0000132309  -0.0000003157   0.0008460915   0.0009902214
        0.0000014633  -0.0000201951   0.0001216888   0.0000008504  -0.0000280761
       -0.0000227873   0.0000003378   0.0846798514   0.3052567231   0.0001207423
       -0.0004851053  -0.0013404477  -0.0000006059   0.0000140382   0.0000013448
        0.0000062807  -0.0000257722   0.0000107705   0.0000003568   0.0000144277
        0.0000023329  -0.0000065873   0.0016481325  -0.0000988985   0.0000003247
        0.0000002606   0.0000018187  -0.0015349093  -0.0000001247  -0.0000000692
       -0.0000234453  -0.0000001770   0.0000010777   0.0002140443  -0.0000002200
       -0.0000041811   0.0082330516  -0.0000005241  -0.0000010430  -0.0003895413
       -0.0000007944  -0.0000000312  -0.0000204281  -0.0000324664  -0.0001001188
       -0.0318879307   0.0000033374  -0.0000045020   0.0067576311  -0.0000042996
       -0.0000161974   0.0011385045   0.0000013513  -0.0000004498   0.0000548485
        0.0000002649  -0.0000000977  -0.0000096992  -0.0000001557   0.0000022278
       -0.0028645249  -0.0000001695   0.0000009827  -0.0015351972   0.0000001059
        0.0000002812  -0.0001529626   0.0000334812   0.0001207423   0.0229677815
       -0.0000002383  -0.0000004818  -0.0003648996  -0.0000000646  -0.0000050904
       -0.0000022202   0.0000001645   0.0000004820   0.0000015448  -0.0000003564
        0.0000042988  -0.0000019353   0.0000006252   0.0000003512  -0.0005797125
        0.0010705093   0.0004141184   0.0000002081  -0.0000449371   0.0000876272
        0.0000002577  -0.0011996508   0.0013628650   0.0000013556  -0.0046860447
       -0.0023245339   0.0000005725   0.0001833420  -0.0003583143  -0.0000001690
       -0.0220986808   0.0219934182   0.0000123867  -0.0003109232  -0.0019381192
       -0.0000006955  -0.1578200650   0.1309497165   0.0000765641   0.0058047212
       -0.0048469012  -0.0000027317  -0.0000305831  -0.0003619744  -0.0000017525
       -0.0002361906   0.0000528655   0.0000004698   0.0000577965  -0.0000805937
        0.0000000747   0.0008380490   0.0007503660  -0.0000002422   0.0000726056
        0.0001933689   0.0000004705   0.0002932773  -0.0004851053  -0.0000002383
        0.1781964990  -0.1453002011  -0.0000869251   0.0000178338   0.0000101031
        0.0000087775  -0.0000363400  -0.0000134258   0.0000002346   0.0000187257
        0.0000109863  -0.0000085626  -0.0000899440  -0.0001162660  -0.0000000549
        0.0002019443   0.0021555105   0.0000026556   0.0001088723  -0.0000019545
       -0.0000000693  -0.0001878503   0.0000530943   0.0000001197  -0.0013271876
        0.0011967792  -0.0000038787  -0.0010034453   0.0001510419   0.0000002176
       -0.0010775897   0.0029352287   0.0000015253  -0.0023069598  -0.0052955101
       -0.0000059553   0.1300876061  -0.1930822687  -0.0000943767   0.0206491583
       -0.0255766846  -0.0000161974  -0.0003161244   0.0000286953  -0.0000003427
        0.0000409599   0.0000407432   0.0000005566  -0.0001115573   0.0001148193
        0.0000010103  -0.0008361136   0.0010997590   0.0000022526   0.0000410195
        0.0000366964   0.0000001207   0.0009288673  -0.0013404477  -0.0000004818
       -0.1453002011   0.2166051367   0.0001124871   0.0000048649   0.0000055413
        0.0000067477   0.0000013438  -0.0000005512   0.0000000307   0.0000049017
        0.0000056703  -0.0000069078   0.0003974910   0.0008687006   0.0000004857
        0.0000002722   0.0000029472  -0.0029867037  -0.0000003223   0.0000022179
        0.0000216088   0.0000001624   0.0000009594   0.0002306958   0.0000016513
       -0.0000036751   0.0082216174  -0.0000020071  -0.0000010027  -0.0002728246
        0.0000019672   0.0000015285  -0.0003087512  -0.0000005128  -0.0000055299
        0.0069825208   0.0000739755  -0.0000962614  -0.0325921577   0.0000114999
       -0.0000133308   0.0019727762   0.0000009249  -0.0000030883   0.0000008604
       -0.0000005413   0.0000000086  -0.0000389587  -0.0000002395   0.0000010253
       -0.0015670267  -0.0000007211   0.0000016303  -0.0029822958   0.0000000974
       -0.0000001573   0.0000066666   0.0000006070  -0.0000006059  -0.0003648996
       -0.0000869251   0.0001124871   0.0235487095  -0.0000069334  -0.0000062011
       -0.0000012862   0.0000006046  -0.0000004093   0.0000013238   0.0000061792
        0.0000070362  -0.0000014426   0.0000002610   0.0000004214   0.0001295675
       -0.0000900610  -0.0000022847   0.0000324281  -0.0035373611  -0.0033332630
        0.0019645988  -0.0008357345  -0.0005258752   0.0013483357  -0.0004561251
       -0.0000810595   0.0004857666   0.0000678908   0.0000617758   0.0000665916
        0.0001853256  -0.0001066303   0.0000636369  -0.0000062281   0.0000749159
       -0.0000599528  -0.0000620518  -0.0000785781  -0.0000495474   0.0000898432
        0.0000570779  -0.0000229127  -0.0020040966  -0.0143579555  -0.0219985641
       -0.0418307575  -0.0073230743  -0.0171121513   0.0000732571   0.0000540529
        0.0000195373  -0.0000179745   0.0000542004  -0.0000280611  -0.0007211470
        0.0002266589  -0.0007690820   0.0000217209   0.0000140382  -0.0000000646
        0.0000178338   0.0000048649  -0.0000069334   0.0468618537   0.0095959626
        0.0152798585   0.0006818116   0.0147255737   0.0201831366   0.0015462603
        0.0009318305   0.0006096142   0.0000157402   0.0000077688  -0.0000062351
       -0.0000807490  -0.0000131710   0.0000350541  -0.0033129441  -0.0023565545
        0.0020709349   0.0012230325   0.0000934009   0.0007677816  -0.0002151931
       -0.0000838570   0.0003156057   0.0000834339   0.0000740692   0.0000927968
        0.0001492129  -0.0000251539   0.0000303537  -0.0000323587   0.0000417513
       -0.0000484307   0.0000033870  -0.0000463087  -0.0000214644   0.0000992628
        0.0000239398  -0.0000278272  -0.0046348315  -0.0113631277  -0.0138344037
       -0.0059735207  -0.1142911339  -0.1152009498   0.0000745877   0.0000013322
       -0.0000138659  -0.0000021328   0.0000345768  -0.0000041084   0.0002899528
        0.0003798682  -0.0001750122   0.0000095248   0.0000013448  -0.0000050904
        0.0000101031   0.0000055413  -0.0000062011   0.0095959626   0.1314951371
        0.1302185758   0.0014495956  -0.0141556264  -0.0195454741   0.0012555131
        0.0101813474   0.0153629072   0.0000081608   0.0000026241  -0.0000111819
       -0.0000850184  -0.0000006534   0.0000103703  -0.0003335050   0.0010680878
        0.0001212554   0.0000295637   0.0005814129   0.0008261442  -0.0001447743
        0.0000844521  -0.0000039647   0.0001447633   0.0000972935   0.0000258613
        0.0001758750  -0.0001123481   0.0000136326   0.0000299601   0.0000508351
       -0.0000045210  -0.0000201917  -0.0000375659   0.0000002011   0.0001097059
        0.0000418030  -0.0000102464  -0.0013442175  -0.0043500790  -0.0012082013
       -0.0128149445  -0.1113262409  -0.2069650688   0.0000259181  -0.0000028787
       -0.0000167770  -0.0000418888   0.0000657432  -0.0000054123  -0.0010341229
        0.0003029083  -0.0002099461   0.0000110893   0.0000062807  -0.0000022202
        0.0000087775   0.0000067477  -0.0000012862   0.0152798585   0.1302185758
        0.2373157377   0.0011228233  -0.0029025461  -0.0022306534  -0.0011316612
       -0.0137936772  -0.0276509968   0.0000119897   0.0000018492  -0.0000039083
       -0.0000682748  -0.0000117819  -0.0000010143   0.0034909452   0.0016783620
       -0.0000605871  -0.0072160533  -0.0025039688   0.0000002405  -0.0004717986
        0.0008524109  -0.0000205830  -0.0000654842   0.0000242139  -0.0000030511
       -0.0004897000  -0.0000493784  -0.0000029974  -0.0000065473  -0.0000111834
        0.0000019879  -0.0000266023   0.0000541062   0.0000022836   0.0001245044
       -0.0000022418   0.0000008729  -0.0252748808   0.0174634064   0.0005817497
       -0.1833077867   0.1223453534   0.0038682902  -0.0001472003   0.0000317171
        0.0000003137   0.0000454330  -0.0000832812   0.0000001786  -0.0002143804
       -0.0006305969   0.0000116471  -0.0000229218  -0.0000257722   0.0000001645
       -0.0000363400   0.0000013438   0.0000006046   0.0006818116   0.0014495956
        0.0011228233   0.2127165345  -0.1423902202  -0.0044224845   0.0002773025
        0.0018189457  -0.0010808299   0.0000114393  -0.0000110302   0.0000003907
        0.0000341422   0.0000040588   0.0000000837   0.0002615286   0.0013997666
       -0.0000086427  -0.0030413516  -0.0008631329  -0.0000161938  -0.0008845928
        0.0005446117  -0.0000153163   0.0000749821   0.0000228978   0.0000005921
       -0.0002136332  -0.0001193927  -0.0000005507  -0.0000062313   0.0000257144
        0.0000012679  -0.0000431431   0.0000273524   0.0000011836  -0.0000208922
        0.0000389962   0.0000000171  -0.0077614896   0.0093874272   0.0002841435
        0.1239919383  -0.1527477123  -0.0032209464   0.0000175606   0.0000730010
        0.0000000178  -0.0000161055   0.0000142678  -0.0000007826  -0.0002733655
        0.0000601126   0.0000023836   0.0000130383   0.0000107705   0.0000004820
       -0.0000134258  -0.0000005512  -0.0000004093   0.0147255737  -0.0141556264
       -0.0029025461  -0.1423902202   0.1713024478   0.0038307219   0.0155456685
       -0.0150250687   0.0020443050   0.0000000185   0.0000000592   0.0000001896
        0.0000073711   0.0000010506   0.0000000058  -0.0000363106   0.0000611146
       -0.0007517880  -0.0000145574  -0.0000004619   0.0010470171  -0.0000317919
       -0.0000074887   0.0004046723  -0.0000006654  -0.0000018953  -0.0000169253
       -0.0000015578   0.0000003926  -0.0000045005  -0.0000009439  -0.0000005632
       -0.0000370979  -0.0000012035   0.0000005877  -0.0000395192  -0.0000067669
       -0.0000003436   0.0000003360   0.0000070308  -0.0000890546   0.0005120750
        0.0038874361  -0.0031914941  -0.0448313060   0.0000015810   0.0000004708
        0.0000316111   0.0000005333   0.0000002691   0.0000034462   0.0000030304
        0.0000048021  -0.0000764440   0.0000006498   0.0000003568   0.0000015448
        0.0000002346   0.0000000307   0.0000013238   0.0201831366  -0.0195454741
       -0.0022306534  -0.0044224845   0.0038307219   0.0469152185  -0.0195739319
        0.0189371721  -0.0009348358  -0.0000007900  -0.0000001936   0.0000058195
       -0.0000841114  -0.0000012744  -0.0000309917  -0.0037562181  -0.0036583324
       -0.0019217818  -0.0007883857  -0.0005940248  -0.0013033927  -0.0004207219
       -0.0001003988  -0.0004352147   0.0000595731   0.0000551218  -0.0000625054
        0.0001922721  -0.0001033225  -0.0000623148  -0.0000018381   0.0000732912
        0.0000553163  -0.0000594169  -0.0000772954   0.0000453434   0.0000833192
        0.0000580192   0.0000215840  -0.0013880019  -0.0148188355   0.0213393857
       -0.0415917369  -0.0055969632   0.0135894928   0.0000788195   0.0000558966
       -0.0000193209  -0.0000200075   0.0000570710   0.0000289539  -0.0007881451
        0.0002312017   0.0007889452   0.0000221529   0.0000144277  -0.0000003564
        0.0000187257   0.0000049017   0.0000061792   0.0015462603   0.0012555131
       -0.0011316612   0.0002773025   0.0155456685  -0.0195739319   0.0466048129
        0.0075916928  -0.0113393416   0.0000153452   0.0000076415   0.0000056124
       -0.0000790186  -0.0000122711  -0.0000353016  -0.0035350961  -0.0024386009
       -0.0019784739   0.0012801518   0.0001623744  -0.0008091960  -0.0002116071
       -0.0000787652  -0.0003055520   0.0000910023   0.0000746100  -0.0000931748
        0.0001597673  -0.0000276028  -0.0000294823  -0.0000287145   0.0000435839
        0.0000473379   0.0000037386  -0.0000468995   0.0000205509   0.0000970539
        0.0000246397   0.0000280673  -0.0043030630  -0.0121054919   0.0134643201
       -0.0041850534  -0.1239894894   0.1188392161   0.0000808016   0.0000008529
        0.0000132224  -0.0000038822   0.0000397020   0.0000056887   0.0002609526
        0.0004269153   0.0001920894   0.0000112342   0.0000023329   0.0000042988
        0.0000109863   0.0000056703   0.0000070362   0.0009318305   0.0101813474
       -0.0137936772   0.0018189457  -0.0150250687   0.0189371721   0.0075916928
        0.1427599865  -0.1345250921   0.0000082774   0.0000021743   0.0000109496
        0.0000889377   0.0000006909   0.0000088755   0.0003185682  -0.0010669325
        0.0001215023   0.0000245920  -0.0006386198   0.0007923289   0.0001419774
       -0.0000923115  -0.0000017892  -0.0001466585  -0.0000959848   0.0000235750
       -0.0001754929   0.0001160585   0.0000105584  -0.0000307517  -0.0000521993
       -0.0000043478   0.0000212135   0.0000375932  -0.0000006957  -0.0001120234
       -0.0000434877  -0.0000094593   0.0009676470   0.0041727781  -0.0010401183
        0.0096347378   0.1151653284  -0.1979717918  -0.0000294090   0.0000010123
       -0.0000155863   0.0000426954  -0.0000679518  -0.0000041317   0.0010966667
       -0.0003027199  -0.0001818932  -0.0000112974  -0.0000065873  -0.0000019353
       -0.0000085626  -0.0000069078  -0.0000014426   0.0006096142   0.0153629072
       -0.0276509968  -0.0010808299   0.0020443050  -0.0009348358  -0.0113393416
       -0.1345250921   0.2268657224  -0.0000122829  -0.0000018790  -0.0000035388
       -0.0461577749  -0.0385650003  -0.0000207765   0.0002279982  -0.0002953219
       -0.0000002057   0.0010037615  -0.0000041077  -0.0000007506  -0.0004398637
       -0.0002806556   0.0000004223  -0.0000769302   0.0000210166   0.0000001523
       -0.0005448506  -0.0017115068  -0.0000009325   0.0013613035  -0.0018625430
       -0.0000009041  -0.0060645888  -0.0010201637  -0.0000004208  -0.0127997963
       -0.0397192844  -0.0000226046  -0.0006573412   0.0004732069  -0.0000004569
        0.0001497958   0.0000715529   0.0000020838   0.0000653916   0.0000405906
        0.0000000668  -0.0003833030   0.0000326325   0.0000000628   0.0000523861
        0.0000056419  -0.0000000089  -0.0005594046   0.0016481325   0.0000006252
       -0.0000899440   0.0003974910   0.0000002610   0.0000157402   0.0000081608
        0.0000119897   0.0000114393   0.0000000185  -0.0000007900   0.0000153452
        0.0000082774  -0.0000122829   0.0648706360   0.0807518617   0.0000444696
       -0.0658677945  -0.4247880806  -0.0002455840  -0.0000297643  -0.0002745375
        0.0000000065   0.0004857252  -0.0000426401  -0.0000001595  -0.0003025324
        0.0006649956   0.0000006160  -0.0004011660  -0.0006153029  -0.0000002797
        0.0003904938  -0.0008869447  -0.0000013297   0.0023904014   0.0029293481
        0.0000018091  -0.0027162600  -0.0000648814  -0.0000005950  -0.0130752991
       -0.0076411397  -0.0000028169  -0.0001990886   0.0003917735  -0.0000002661
        0.0000074227   0.0000129749   0.0000007459   0.0001137523   0.0000442493
       -0.0000000449  -0.0003207915  -0.0000303764   0.0000000678   0.0000173886
       -0.0000459391  -0.0000000816  -0.0011324634  -0.0000988985   0.0000003512
       -0.0001162660   0.0008687006   0.0000004214   0.0000077688   0.0000026241
        0.0000018492  -0.0000110302   0.0000000592  -0.0000001936   0.0000076415
        0.0000021743  -0.0000018790   0.0807518617   0.4295718413   0.0002473628
       -0.0000398438  -0.0002474178  -0.0063275932  -0.0000003822   0.0000012755
       -0.0000768513  -0.0000009233   0.0000012715  -0.0002491340  -0.0000007376
       -0.0000001286   0.0002849364  -0.0000020686  -0.0000006684   0.0001536475
        0.0000028559  -0.0000011592   0.0011636655   0.0000036101   0.0000025381
       -0.0012486725  -0.0000030620  -0.0000010787   0.0014680469  -0.0000040187
       -0.0000010856  -0.0009071697   0.0000012018  -0.0000020285   0.0000600774
        0.0000002955   0.0000000766   0.0000014774   0.0000001309  -0.0000000053
        0.0000258953  -0.0000003679   0.0000001948  -0.0001894292   0.0000000763
        0.0000000851   0.0000152586  -0.0000009489   0.0000003247  -0.0005797125
       -0.0000000549   0.0000004857   0.0001295675  -0.0000062351  -0.0000111819
       -0.0000039083   0.0000003907   0.0000001896   0.0000058195   0.0000056124
        0.0000109496  -0.0000035388   0.0000444696   0.0002473628   0.0062776176
