           2           3  0.16761897191715877     
           3           4   1.0669206508920741     
           4           5   1.3736798060464324     
           4           6   1.3605658729943328     
           5           7   1.4515870844967471     
           6           7  0.10235031364534841     
           5           8  0.10502655578717299     
           6           8   1.4693584542829956     
           1           9   1.0684324107450205     
           7           9   1.3743773281144875     
           8           9   1.3565320272549304     
           2          10   1.7127815994177258     
           3          10   1.1989028322868374     
          10          11  0.97791249228996435     
           5          12  0.95915591789553489     
           6          13  0.96661088197029532     
           3          14  0.93725751995852746     
           7          15  0.96608336966839925     
           8          16  0.96801371292817429     
          11          17  0.97061456451000105     
          11          18  0.98345155444152355     
          11          19  0.97157117386125535     
           1          20  0.88932180617026668     
