           1           2   1.0062585629598420     
           2           3   1.6937640307523947     
           2           4   1.1400601927555984     
           3           4  0.16072419173245292     
           4           5  0.86962761769947627     
           5           6  0.97405822954221299     
           5           7   1.0038708574122819     
           5           8   1.0027096084960514     
           8           9   1.1013464898166168     
           9          10   1.3695837450331640     
          10          11   1.4420863133723421     
          11          12   1.3820686127183950     
          12          13   1.0561699961670352     
          10          14  0.10366021290161348     
          12          14   1.3552352108032353     
           9          15   1.3438422731380493     
          11          15  0.10449117892481657     
          14          15   1.4761527296727346     
           1          16  0.97710256502500592     
           1          17  0.94348245293586985     
           1          18  0.95620685435590369     
           6          19  0.97969569771892284     
           6          20  0.98122464868685288     
           6          21  0.97433623208133135     
           7          22  0.83207021434797024     
           8          23  0.92129465603272431     
          10          24  0.96442576959996151     
          11          25  0.96622771965976340     
          13          26  0.84609010501175430     
          14          27  0.96835186613376933     
          15          28  0.96719361878164134     
