           1           2  0.12739038397551380     
           1           3  0.12739011153176211     
           1           4   1.0237490640893323     
           2           4   1.7842299928674137     
           1           5   1.0237496160023440     
           3           5   1.7842295030668516     
           4           6   1.0162963871742601     
           5           7   1.0162963932548859     
           6           8  0.97571310687788615     
           6           9  0.94089079659811536     
           6          10  0.94161467927264741     
           7          11  0.94148988695384284     
           7          12  0.97571459744182998     
           7          13  0.94101415293382051     
