           1           2  0.13520910100934724     
           1           3  0.13520880132228169     
           1           4   1.0124188542314643     
           2           4   1.8525529934527420     
           1           5   1.0124190242339721     
           3           5   1.8525527086941120     
           4           6  0.99304479219357156     
           5           7  0.99304482859327592     
           6           8  0.98080918470103207     
           6           9  0.95930501113625710     
           6          10  0.95985241645281161     
           7          11  0.95975988340950547     
           7          12  0.98081024117584015     
           7          13  0.95939663530323349     
