$hessian                                                                        
        0.4895886280  -0.0804202312   0.0004713202   0.0120717006  -0.0460517484
        0.0000204640  -0.0215755519   0.0407564368  -0.0000191299  -0.0952574623
        0.0339534886  -0.0000495464   0.0001637070   0.0011661850   0.0000798963
        0.0001916485   0.0011618224  -0.0000958950  -0.0083439728   0.0029317751
       -0.0000024441  -0.3768386971   0.0465022718  -0.0004046651
       -0.0804202312   0.4315662408  -0.0002725435  -0.0419455852  -0.1095580875
        0.0000058921   0.0273858618  -0.0212734614  -0.0000341467   0.0248781526
       -0.2512500822   0.0001412141  -0.0002646533  -0.0020706178  -0.0011202132
       -0.0002694388  -0.0020491852   0.0011550568   0.0046694449  -0.0006538229
        0.0000162204   0.0659664492  -0.0447109838   0.0001085200
        0.0004713202  -0.0002725435   0.0353707855   0.0000084994   0.0000031962
        0.0251510182  -0.0000092440   0.0000034446   0.0068188895  -0.0000462332
        0.0001659187  -0.0549119752  -0.0010877870   0.0008093276   0.0006723962
        0.0010921915  -0.0008040039   0.0006566451  -0.0000022957   0.0000058782
        0.0013923382  -0.0004264513   0.0000887821  -0.0151500975
        0.0120717006  -0.0419455852   0.0000084994   0.4599017236   0.3434783927
        0.0002496079  -0.0527792921  -0.0358497293  -0.0000112519  -0.4090622364
       -0.2663869786  -0.0002114444  -0.0064212842   0.0014377605  -0.0003453245
       -0.0065369113   0.0014759033   0.0003156262   0.0035542768  -0.0015180260
       -0.0000120632  -0.0007279771  -0.0006917374   0.0000063505
       -0.0460517484  -0.1095580875   0.0000031962   0.3434783927   0.4061659709
        0.0001936145  -0.0099801256   0.0009365222   0.0000335728  -0.2859476264
       -0.3046857670  -0.0001789564   0.0002994838   0.0008969483  -0.0005096847
        0.0002922323   0.0009344809   0.0004790800   0.0002113613   0.0010077170
       -0.0000121423  -0.0023019697   0.0043022152  -0.0000086803
        0.0000204640   0.0000058921   0.0251510182   0.0002496079   0.0001936145
        0.0252656974   0.0000141294   0.0000195397   0.0204679736  -0.0002635672
       -0.0002015171  -0.0653461538  -0.0029012652   0.0000667648  -0.0000870839
        0.0028656753  -0.0000772797  -0.0000688573   0.0000158949  -0.0000070000
       -0.0008644330  -0.0000009390  -0.0000000142  -0.0045181611
       -0.0215755519   0.0273858618  -0.0000092440  -0.0527792921  -0.0099801256
        0.0000141294   0.4586545493   0.0091152358   0.0002687022  -0.1779299457
        0.0219864022   0.0000242707  -0.0801779581  -0.0385179219   0.0858753256
       -0.0808797987  -0.0398339020  -0.0859659867  -0.0470587672   0.0302416088
       -0.0002122021   0.0017467644  -0.0003971592   0.0000050048
        0.0407564368  -0.0212734614   0.0000034446  -0.0358497293   0.0009365222
        0.0000195397   0.0091152358   0.5527246845  -0.0000313180   0.0396622330
       -0.0709650392  -0.0000196381  -0.0405439775  -0.0812303171   0.0817300435
       -0.0418477087  -0.0831931269  -0.0829932502   0.0267341462  -0.2915090028
        0.0012935311   0.0019733638  -0.0054902593  -0.0000023527
       -0.0000191299  -0.0000341467   0.0068188895  -0.0000112519   0.0000335728
        0.0204679736   0.0002687022  -0.0000313180   0.4877103358  -0.0000893708
        0.0000156596  -0.0743819665   0.0890445123   0.0820927926  -0.2025501851
       -0.0889989053  -0.0833920869  -0.2000798740  -0.0001801886   0.0012968402
       -0.0430795939  -0.0000143680   0.0000186863   0.0050944207
       -0.0952574623   0.0248781526  -0.0000462332  -0.4090622364  -0.2859476264
       -0.0002635672  -0.1779299457   0.0396622330  -0.0000893708   0.7285899432
        0.1831110641   0.0002319804  -0.0175080410  -0.0032673487   0.0030799616
       -0.0175812282  -0.0033515248  -0.0029037390  -0.0040688075   0.0047356971
        0.0000382984  -0.0071822221   0.0401793530  -0.0000473302
        0.0339534886  -0.2512500822   0.0001659187  -0.2663869786  -0.3046857670
       -0.0002015171   0.0219864022  -0.0709650392   0.0000156596   0.1831110641
        0.6448012178   0.0000118385  -0.0113360886   0.0039110934   0.0021311531
       -0.0116471885   0.0038972506  -0.0021495685   0.0287933538  -0.0105783231
       -0.0000115050   0.0215259469  -0.0151303503   0.0000380207
       -0.0000495464   0.0001412141  -0.0549119752  -0.0002114444  -0.0001789564
       -0.0653461538   0.0000242707  -0.0000196381  -0.0743819665   0.0002319804
        0.0000118385   0.1964433051   0.0263962820  -0.0049693572  -0.0016708677
       -0.0261994272   0.0049261516  -0.0016261811  -0.0001681646   0.0000432069
       -0.0003081385  -0.0000239506   0.0000455406   0.0018019777
        0.0001637070  -0.0002646533  -0.0010877870  -0.0064212842   0.0002994838
       -0.0029012652  -0.0801779581  -0.0405439775   0.0890445123  -0.0175080410
       -0.0113360886   0.0263962820   0.0946134512   0.0476843297  -0.0984509278
        0.0066656411   0.0040259827  -0.0099752726   0.0021991560   0.0002565872
       -0.0021223800   0.0004653281  -0.0001216642  -0.0009031617
        0.0011661850  -0.0020706178   0.0008093276   0.0014377605   0.0008969483
        0.0000667648  -0.0385179219  -0.0812303171   0.0820927926  -0.0032673487
        0.0039110934  -0.0049693572   0.0476843297   0.0884129536  -0.0941158651
        0.0041016181   0.0053122138  -0.0096785895  -0.0126009769  -0.0153552252
        0.0257670370  -0.0000036460   0.0001229509   0.0000278899
        0.0000798963  -0.0011202132   0.0006723962  -0.0003453245  -0.0005096847
       -0.0000870839   0.0858753256   0.0817300435  -0.2025501851   0.0030799616
        0.0021311531  -0.0016708677  -0.0984509278  -0.0941158651   0.2320503014
        0.0097904672   0.0092744352  -0.0271787389   0.0005930035   0.0024428490
       -0.0012471701  -0.0006224018   0.0001672822   0.0000113481
        0.0001916485  -0.0002694388   0.0010921915  -0.0065369113   0.0002922323
        0.0028656753  -0.0808797987  -0.0418477087  -0.0889989053  -0.0175812282
       -0.0116471885  -0.0261994272   0.0066656411   0.0041016181   0.0097904672
        0.0954737924   0.0492213136   0.0984535125   0.0021950235   0.0002763790
        0.0021108000   0.0004718328  -0.0001272070   0.0008856859
        0.0011618224  -0.0020491852  -0.0008040039   0.0014759033   0.0009344809
       -0.0000772797  -0.0398339020  -0.0831931269  -0.0833920869  -0.0033515248
        0.0038972506   0.0049261516   0.0040259827   0.0053122138   0.0092744352
        0.0492213136   0.0906321719   0.0956258937  -0.0127027872  -0.0156504447
       -0.0255265940   0.0000031920   0.0001166396  -0.0000265158
       -0.0000958950   0.0011550568   0.0006566451   0.0003156262   0.0004790800
       -0.0000688573  -0.0859659867  -0.0829932502  -0.2000798740  -0.0029037390
       -0.0021495685  -0.0016261811  -0.0099752726  -0.0096785895  -0.0271787389
        0.0984535125   0.0956258937   0.2292323220  -0.0004543056  -0.0022628153
       -0.0009390971   0.0006260603  -0.0001758071   0.0000037812
       -0.0083439728   0.0046694449  -0.0000022957   0.0035542768   0.0002113613
        0.0000158949  -0.0470587672   0.0267341462  -0.0001801886  -0.0040688075
        0.0287933538  -0.0001681646   0.0021991560  -0.0126009769   0.0005930035
        0.0021950235  -0.0127027872  -0.0004543056   0.0520189392  -0.0368045714
        0.0001860666  -0.0004958481   0.0017000293   0.0000099896
        0.0029317751  -0.0006538229   0.0000058782  -0.0015180260   0.0010077170
       -0.0000070000   0.0302416088  -0.2915090028   0.0012968402   0.0047356971
       -0.0105783231   0.0000432069   0.0002565872  -0.0153552252   0.0024428490
        0.0002763790  -0.0156504447  -0.0022628153  -0.0368045714   0.3330692073
       -0.0015182621  -0.0001194499  -0.0003301056  -0.0000006969
       -0.0000024441   0.0000162204   0.0013923382  -0.0000120632  -0.0000121423
       -0.0008644330  -0.0002122021   0.0012935311  -0.0430795939   0.0000382984
       -0.0000115050  -0.0003081385  -0.0021223800   0.0257670370  -0.0012471701
        0.0021108000  -0.0255265940  -0.0009390971   0.0001860666  -0.0015182621
        0.0444581422   0.0000139243  -0.0000082851   0.0005879522
       -0.3768386971   0.0659664492  -0.0004264513  -0.0007279771  -0.0023019697
       -0.0000009390   0.0017467644   0.0019733638  -0.0000143680  -0.0071822221
        0.0215259469  -0.0000239506   0.0004653281  -0.0000036460  -0.0006224018
        0.0004718328   0.0000031920   0.0006260603  -0.0004958481  -0.0001194499
        0.0000139243   0.3825608190  -0.0870438863   0.0004481261
        0.0465022718  -0.0447109838   0.0000887821  -0.0006917374   0.0043022152
       -0.0000000142  -0.0003971592  -0.0054902593   0.0000186863   0.0401793530
       -0.0151303503   0.0000455406  -0.0001216642   0.0001229509   0.0001672822
       -0.0001272070   0.0001166396  -0.0001758071   0.0017000293  -0.0003301056
       -0.0000082851  -0.0870438863   0.0611198934  -0.0001361847
       -0.0004046651   0.0001085200  -0.0151500975   0.0000063505  -0.0000086803
       -0.0045181611   0.0000050048  -0.0000023527   0.0050944207  -0.0000473302
        0.0000380207   0.0018019777  -0.0009031617   0.0000278899   0.0000113481
        0.0008856859  -0.0000265158   0.0000037812   0.0000099896  -0.0000006969
        0.0005879522   0.0004481261  -0.0001361847   0.0121687788
