           1           2  0.99144485369933777     
           2           3   1.7337774918547160     
           2           4   1.1363656947223433     
           3           4  0.16762795545061648     
           4           5  0.87204184301852328     
           5           6  0.97115599059054147     
           5           7   1.0118620120499513     
           5           8   1.0031416550194907     
           8           9   1.0942867424002314     
           9          10   1.3724870496211585     
          10          11   1.4405678928891013     
          11          12   1.3832680427681416     
          12          13   1.0567193166644635     
          10          14  0.10425250249279644     
          12          14   1.3542398042188029     
           9          15   1.3458569819132480     
          11          15  0.10434498692947075     
          14          15   1.4765023172017451     
           1          16  0.98128508533083803     
           1          17  0.95663158567770068     
           1          18  0.96647780623203872     
           6          19  0.98072204494880522     
           6          20  0.98382502883835532     
           6          21  0.97625536842627680     
           7          22  0.84895040444722158     
           8          23  0.93179897529617450     
          10          24  0.96416672641914059     
          11          25  0.96671724268306358     
          13          26  0.89223037571600261     
          14          27  0.96815220961618997     
          15          28  0.96808033815879901     
