           1           2  0.10367762728564074     
           1           3  0.11711921864189043     
           1           4  0.92574989722927570     
           2           4   1.7957845875029812     
           1           5   1.2228296130486920     
           3           5   1.4446967551858807     
           4           6   1.0734495401434523     
           5           7   1.0948620723594593     
           6           8  0.96502503343109602     
           6           9  0.91521269202477673     
           6          10  0.90605292255409087     
           7          11  0.91205216990755111     
           7          12  0.95375166340807482     
           7          13  0.86779034557916901     
           3          14  0.72565820607022380     
