$hessian                                                                        
        0.4348722148   0.0958484035  -0.0000692267  -0.0115940204  -0.0002065804
        0.0000830446   0.0126620937   0.0009972529  -0.0000100256  -0.0076150656
        0.0010128526  -0.0000096530  -0.0049441763   0.0007068902  -0.0000091106
       -0.2830810593   0.0366883651   0.0000591212  -0.0380708745   0.0036071243
        0.0000056807  -0.0301907530  -0.0091076623   0.0000030559  -0.0019399384
        0.0002595993  -0.0000122063  -0.0008368447  -0.0001507574  -0.0000113437
        0.0041245449  -0.0014591042  -0.0000021409   0.0013965641   0.0002686351
       -0.0000007328   0.0004142520  -0.0006248107  -0.0000169860   0.0003234290
        0.0006522068  -0.0000166686  -0.0755203661  -0.1284924145   0.0000071918
        0.0958484035   0.4889605036   0.0000305703   0.0004910273   0.0000872127
       -0.0000030972  -0.0003476762   0.0017215885   0.0000002713   0.0000906967
       -0.0053508712   0.0000001505   0.0001317383  -0.0061325455   0.0000003913
        0.0025863696  -0.0782555160  -0.0000040738   0.0381652427  -0.0037577078
       -0.0000088102  -0.0386865718  -0.0020953934   0.0000084615   0.0016452723
       -0.0002032864   0.0000002411  -0.0014969930  -0.0001518096   0.0000004328
        0.0016410691   0.0018968153   0.0000000520   0.0005504718   0.0020017248
       -0.0000001805  -0.0000914960  -0.0000003277   0.0000004429   0.0001158321
       -0.0000320245   0.0000011556  -0.1006433864  -0.3986883628  -0.0000260078
       -0.0000692267   0.0000305703   0.0244954527   0.0000058722   0.0000006380
       -0.0001920710  -0.0000066903  -0.0000008448  -0.0002492222   0.0000041084
        0.0000007523   0.0062506641   0.0000010933  -0.0000013156   0.0050304368
        0.0000487666  -0.0000122901  -0.0323105951   0.0000075518  -0.0000012891
        0.0038763676   0.0000077973   0.0000034167   0.0029294347  -0.0000001653
        0.0000002274   0.0003213358   0.0000000457  -0.0000000903   0.0002530862
       -0.0000013999   0.0000001051  -0.0015849489  -0.0000011487   0.0000001103
       -0.0029370539   0.0000007593   0.0000021401  -0.0003404009   0.0000006069
       -0.0000021568  -0.0003048831   0.0000020294  -0.0000199734  -0.0052376027
       -0.0115940204   0.0004910273   0.0000058722   0.6905176993  -0.0002846065
        0.0019876480  -0.3396853761  -0.0014178478   0.0005844072  -0.0342342521
       -0.0133191273   0.0000362369  -0.0351061760   0.0128963854   0.0000346817
        0.0091777521  -0.0012073858  -0.0000065230  -0.0028192769   0.0004385668
       -0.0000248824  -0.0021823715   0.0001079489  -0.0000238356   0.0022443422
        0.0011944854  -0.0000020403   0.0022297986  -0.0012180253  -0.0000016722
       -0.0007109560  -0.0000515504  -0.0000048923  -0.0005282653  -0.0000540872
       -0.0000030591  -0.1410258889   0.1558336899  -0.0013083015  -0.1374162047
       -0.1537704420  -0.0012810677   0.0011331956   0.0003609685   0.0000074279
       -0.0002065804   0.0000872127   0.0000006380  -0.0002846065   0.7625167927
        0.0000015707  -0.0013896786  -0.0827881865   0.0000039051  -0.0403623048
       -0.0057962820   0.0000210029   0.0397591372  -0.0052647650  -0.0000200390
        0.0000653705   0.0036165546   0.0000004444   0.0017998369  -0.0065706892
       -0.0000018950  -0.0015370441  -0.0066715246   0.0000023294  -0.0014196256
        0.0014922814  -0.0000108045   0.0014609522   0.0014772052   0.0000109513
       -0.0015987068  -0.0001815881  -0.0000066988   0.0014837927  -0.0001268325
        0.0000075075   0.1608356890  -0.3289897376   0.0019438680  -0.1587349293
       -0.3327851506  -0.0019507478   0.0001286976  -0.0000152907  -0.0000020322
        0.0000830446  -0.0000030972  -0.0001920710   0.0019876480   0.0000015707
       -0.0141214617  -0.0000995707  -0.0000008529  -0.0178975317   0.0000277251
        0.0000611612   0.0041654973   0.0000325339  -0.0000590026   0.0041700344
       -0.0000604246   0.0000084569  -0.0003161476  -0.0000023320  -0.0000214996
        0.0035758805  -0.0000095320   0.0000178934   0.0034028134   0.0000000963
        0.0000029385  -0.0013163161  -0.0000000732  -0.0000026257  -0.0012902480
       -0.0000003617   0.0000011950   0.0001510136  -0.0000018130  -0.0000003213
        0.0001105474  -0.0009848258   0.0014822302   0.0099365406  -0.0009640613
       -0.0014854316   0.0098952903  -0.0000080533  -0.0000026149  -0.0002738414
        0.0126620937  -0.0003476762  -0.0000066903  -0.3396853761  -0.0013896786
       -0.0000995707   0.7151566494   0.0028314524  -0.0003299158  -0.1425193399
       -0.1289574172   0.0000289342  -0.1419343195   0.1278222167   0.0000297562
       -0.0077494810   0.0013530153   0.0000007017  -0.0295023993  -0.0283498777
        0.0000183620  -0.0313990952   0.0272781005   0.0000176332   0.0052599021
        0.0141321302   0.0000076359   0.0051832997  -0.0138143471   0.0000065652
       -0.0055575343   0.0001258729   0.0000075208  -0.0055473029  -0.0001529569
        0.0000053155  -0.0168945097   0.0091604948   0.0001633529  -0.0165148546
       -0.0093673494   0.0001608350  -0.0009577323  -0.0003239798  -0.0000104356
        0.0009972529   0.0017215885  -0.0000008448  -0.0014178478  -0.0827881865
       -0.0000008529   0.0028314524   0.6608367704  -0.0000022966  -0.0521872719
       -0.2602423762   0.0000414549   0.0507582869  -0.2551547799  -0.0000391458
       -0.0001336297  -0.0671025868  -0.0000003404  -0.0802588377   0.0275666809
        0.0000260530   0.0794277551   0.0293136846  -0.0000250669  -0.0101358679
       -0.0271155746   0.0000060058   0.0103527832  -0.0271021107  -0.0000062886
        0.0010237112   0.0016523446   0.0000017703  -0.0010223360   0.0015746618
       -0.0000028290   0.0274092027  -0.0017084079  -0.0000859301  -0.0276094649
       -0.0021103340   0.0000877399  -0.0000351885   0.0006586259   0.0000005712
       -0.0000100256   0.0000002713  -0.0002492222   0.0005844072   0.0000039051
       -0.0178975317  -0.0003299158  -0.0000022966   0.1197241051   0.0000358871
        0.0000433049  -0.0488329592   0.0000235312  -0.0000421342  -0.0493588361
        0.0000038873  -0.0000034009  -0.0055899654  -0.0000050408   0.0000156847
       -0.0019965023   0.0000095242  -0.0000134193  -0.0015788788   0.0000033132
       -0.0000045357   0.0009054423   0.0000038187   0.0000046121   0.0009456833
        0.0000044381  -0.0000003379   0.0081218084   0.0000043395   0.0000001235
        0.0083774913  -0.0001650818   0.0000021293  -0.0064684715  -0.0001647610
       -0.0000044496  -0.0064549966   0.0000016784   0.0000005434   0.0003528338
       -0.0076150656   0.0000906967   0.0000041084  -0.0342342521  -0.0403623048
        0.0000277251  -0.1425193399  -0.0521872719   0.0000358871   0.6827910297
       -0.0046687069  -0.0001880482   0.0529688066  -0.0239531617  -0.0000026445
       -0.0300463750   0.0820389612   0.0000055996  -0.3460623454  -0.0359425274
        0.0000780446  -0.0458459921  -0.0292527084   0.0000094542  -0.1057468459
        0.1084701368   0.0000165792  -0.0009851899   0.0030931691   0.0000018475
       -0.0177969733  -0.0030954548   0.0000067330  -0.0000153387  -0.0011263379
       -0.0000033184   0.0020470843  -0.0030911796  -0.0000010814  -0.0068872826
        0.0002137442   0.0000085804  -0.0000519201  -0.0002270546   0.0000005335
        0.0010128526  -0.0053508712   0.0000007523  -0.0133191273  -0.0057962820
        0.0000611612  -0.1289574172  -0.2602423762   0.0000433049  -0.0046687069
        0.6476883183  -0.0000304467   0.0248816278  -0.0576354536  -0.0000053613
        0.0271161777   0.0263188717  -0.0000054401   0.0335789959  -0.0912389539
       -0.0000107227  -0.0258140582  -0.0132769874   0.0000047924   0.1081032769
       -0.2362873901  -0.0000368820   0.0026524790  -0.0042946325   0.0000000617
       -0.0270153596  -0.0023494162   0.0000063851  -0.0003684988   0.0004745345
        0.0000005203   0.0021165101   0.0007713244  -0.0000089983   0.0005369815
        0.0016520129  -0.0000199019   0.0001442665  -0.0004326987   0.0000007751
       -0.0000096530   0.0000001505   0.0062506641   0.0000362369   0.0000210029
        0.0041654973   0.0000289342   0.0000414549  -0.0488329592  -0.0001880482
       -0.0000304467   0.1042501678  -0.0000027113   0.0000045879   0.0000066111
        0.0000145212  -0.0000067712  -0.0014798419   0.0001025577   0.0000034018
       -0.0380538596   0.0000004288   0.0000023400  -0.0024263902   0.0000145911
       -0.0000288276  -0.0306306265   0.0000017781  -0.0000024953   0.0065851475
        0.0000062275   0.0000011722  -0.0003316852  -0.0000000605   0.0000000845
       -0.0000609931   0.0000060831   0.0000027366  -0.0009209038  -0.0000116177
       -0.0000087478   0.0013827625   0.0000007322   0.0000003574   0.0000964091
       -0.0049441763   0.0001317383   0.0000010933  -0.0351061760   0.0397591372
        0.0000325339  -0.1419343195   0.0507582869   0.0000235312   0.0529688066
        0.0248816278  -0.0000027113   0.6875830614   0.0080646153  -0.0001921826
       -0.0298125188  -0.0830296713   0.0000073607  -0.0466090613   0.0285191383
        0.0000081049  -0.3541047730   0.0347649783   0.0000822203  -0.0009164547
       -0.0031604128   0.0000054275  -0.1042472621  -0.1078687330   0.0000207355
       -0.0001479041   0.0010845562  -0.0000012078  -0.0174410717   0.0026969288
        0.0000086775  -0.0068165224  -0.0002975117   0.0000079084   0.0019882270
        0.0031468817  -0.0000020530  -0.0004598551   0.0005484398   0.0000005616
        0.0007068902  -0.0061325455  -0.0000013156   0.0128963854  -0.0052647650
       -0.0000590026   0.1278222167  -0.2551547799  -0.0000421342  -0.0239531617
       -0.0576354536   0.0000045879   0.0080646153   0.6442392855   0.0000258083
       -0.0282135999   0.0264009635   0.0000060031   0.0258552364  -0.0129003278
       -0.0000045292  -0.0345274539  -0.0917241408   0.0000103869  -0.0026441831
       -0.0043345776  -0.0000001833  -0.1075121190  -0.2382137258   0.0000385007
        0.0004552277   0.0005806763  -0.0000000729   0.0256695582  -0.0016455668
       -0.0000061440  -0.0006478088   0.0016292346   0.0000196986  -0.0020959721
        0.0008170627   0.0000084394  -0.0018758313  -0.0006613398  -0.0000000431
       -0.0000091106   0.0000003913   0.0050304368   0.0000346817  -0.0000200390
        0.0041700344   0.0000297562  -0.0000391458  -0.0493588361  -0.0000026445
       -0.0000053613   0.0000066111  -0.0001921826   0.0000258083   0.1053267996
        0.0000136495   0.0000047857  -0.0015747980  -0.0000008283  -0.0000015541
       -0.0026131668   0.0001076258  -0.0000025964  -0.0378593171   0.0000018010
        0.0000027490   0.0067522392   0.0000153280   0.0000304328  -0.0311181403
       -0.0000000838  -0.0000001194  -0.0000669935   0.0000062782  -0.0000011011
       -0.0002386220  -0.0000114280   0.0000083529   0.0014462585   0.0000063115
       -0.0000026177  -0.0009364126   0.0000008460   0.0000000149   0.0010339069
       -0.2830810593   0.0025863696   0.0000487666   0.0091777521   0.0000653705
       -0.0000604246  -0.0077494810  -0.0001336297   0.0000038873  -0.0300463750
        0.0271161777   0.0000145212  -0.0298125188  -0.0282135999   0.0000136495
        0.6468820587   0.0005595089  -0.0001123794  -0.1445652924   0.1387716679
        0.0000240145  -0.1411518679  -0.1313320416   0.0000216912  -0.0047547363
       -0.0002389290   0.0000113328  -0.0052203456   0.0000751684   0.0000110392
        0.0038000992  -0.0144414762   0.0000018498   0.0072959779   0.0148297165
        0.0000004128   0.0001452992   0.0003788276   0.0000129585   0.0001505796
       -0.0004135325   0.0000120429  -0.0210700904  -0.0096095982  -0.0000033624
        0.0366883651  -0.0782555160  -0.0000122901  -0.0012073858   0.0036165546
        0.0000084569   0.0013530153  -0.0671025868  -0.0000034009   0.0820389612
        0.0263188717  -0.0000067712  -0.0830296713   0.0264009635   0.0000047857
        0.0005595089   0.6683568891   0.0000062097   0.0506150988  -0.2657874252
       -0.0000086293  -0.0493498515  -0.2649797204   0.0000051521  -0.0014303133
        0.0019840031   0.0000009172   0.0010333537   0.0018746978  -0.0000012758
        0.0105844868  -0.0272264238  -0.0000050915  -0.0109871238  -0.0273243755
        0.0000055752  -0.0003903300   0.0003740032  -0.0000139307   0.0004168085
        0.0005363255   0.0000106977  -0.0368949228   0.0012137392   0.0000095951
        0.0000591212  -0.0000040738  -0.0323105951  -0.0000065230   0.0000004444
       -0.0003161476   0.0000007017  -0.0000003404  -0.0055899654   0.0000055996
       -0.0000054401  -0.0014798419   0.0000073607   0.0000060031  -0.0015747980
       -0.0001123794   0.0000062097   0.1191492811   0.0000217080  -0.0000260173
       -0.0474976349   0.0000173029   0.0000213931  -0.0489485394   0.0000042112
        0.0000004739   0.0078927007   0.0000044363  -0.0000004585   0.0083352530
       -0.0000010611   0.0000043993   0.0009807617  -0.0000016869  -0.0000047330
        0.0017848345   0.0000005049  -0.0000027265   0.0002485378   0.0000005181
        0.0000023854   0.0002360328   0.0000001858   0.0000024806  -0.0009098793
       -0.0380708745   0.0381652427   0.0000075518  -0.0028192769   0.0017998369
       -0.0000023320  -0.0295023993  -0.0802588377  -0.0000050408  -0.3460623454
        0.0335789959   0.0001025577  -0.0466090613   0.0258552364  -0.0000008283
       -0.1445652924   0.0506150988   0.0000217080   0.6754438865   0.0022095418
       -0.0001459743   0.0543073121   0.0281876721  -0.0000122309  -0.0185515140
        0.0033018730   0.0000059927  -0.0001530273   0.0012435905   0.0000045679
       -0.1027738947  -0.1047727920   0.0000173998  -0.0012998398  -0.0028239656
        0.0000049282  -0.0004714794   0.0003881049  -0.0000126794  -0.0001957183
        0.0001097429   0.0000159321   0.0013235247   0.0024006594  -0.0000015526
        0.0036071243  -0.0037577078  -0.0000012891   0.0004385668  -0.0065706892
       -0.0000214996  -0.0283498777   0.0275666809   0.0000156847  -0.0359425274
       -0.0912389539   0.0000034018   0.0285191383  -0.0129003278  -0.0000015541
        0.1387716679  -0.2657874252  -0.0000260173   0.0022095418   0.6554527243
       -0.0000169355  -0.0273941740  -0.0629785308   0.0000064713   0.0273953130
       -0.0025861490  -0.0000073000   0.0004838952   0.0004757702  -0.0000014412
       -0.1040807097  -0.2352631505   0.0000354170  -0.0026243098  -0.0044605026
       -0.0000008998   0.0002319473  -0.0006286975   0.0000082914  -0.0017435476
       -0.0002664841   0.0000067793  -0.0015220484   0.0029434429   0.0000008911
        0.0000056807  -0.0000088102   0.0038763676  -0.0000248824  -0.0000018950
        0.0035758805   0.0000183620   0.0000260530  -0.0019965023   0.0000780446
       -0.0000107227  -0.0380538596   0.0000081049  -0.0000045292  -0.0026131668
        0.0000240145  -0.0000086293  -0.0474976349  -0.0001459743  -0.0000169355
        0.1066818799  -0.0000105925  -0.0000067801  -0.0001863164   0.0000050259
       -0.0000012089  -0.0005235646  -0.0000001627  -0.0000004937   0.0000919480
        0.0000198977   0.0000338701  -0.0314725636   0.0000023504  -0.0000001344
        0.0069458939   0.0000077586  -0.0000064788   0.0003610009   0.0000127577
        0.0000073430   0.0017147246  -0.0000003852  -0.0000006482  -0.0009040873
       -0.0301907530  -0.0386865718   0.0000077973  -0.0021823715  -0.0015370441
       -0.0000095320  -0.0313990952   0.0794277551   0.0000095242  -0.0458459921
       -0.0258140582   0.0000004288  -0.3541047730  -0.0345274539   0.0001076258
       -0.1411518679  -0.0493498515   0.0000173029   0.0543073121  -0.0273941740
       -0.0000105925   0.6898802605  -0.0128380488  -0.0001496960  -0.0001255148
       -0.0011923713   0.0000008687  -0.0183643376  -0.0034904718   0.0000016871
       -0.0008202157   0.0032129755   0.0000024318  -0.1122914916   0.1144897313
        0.0000172801  -0.0002862814  -0.0000417324   0.0000168644  -0.0004300835
       -0.0004131524  -0.0000118501  -0.0069947952  -0.0018455316  -0.0000001403
       -0.0091076623  -0.0020953934   0.0000034167   0.0001079489  -0.0066715246
        0.0000178934   0.0272781005   0.0293136846  -0.0000134193  -0.0292527084
       -0.0132769874   0.0000023400   0.0347649783  -0.0917241408  -0.0000025964
       -0.1313320416  -0.2649797204   0.0000213931   0.0281876721  -0.0629785308
       -0.0000067801  -0.0128380488   0.6574624952   0.0000226766  -0.0004261425
        0.0004217426   0.0000013403  -0.0271294925  -0.0025463612   0.0000068723
        0.0027259027  -0.0046405473   0.0000006759   0.1155457274  -0.2376327422
       -0.0000385028   0.0017863007  -0.0002291256  -0.0000059727  -0.0002358525
       -0.0006623866  -0.0000078427  -0.0000746819   0.0002395380  -0.0000014942
        0.0000030559   0.0000084615   0.0029294347  -0.0000238356   0.0000023294
        0.0034028134   0.0000176332  -0.0000250669  -0.0015788788   0.0000094542
        0.0000047924  -0.0024263902   0.0000822203   0.0000103869  -0.0378593171
        0.0000216912   0.0000051521  -0.0489485394  -0.0000122309   0.0000064713
       -0.0001863164  -0.0001496960   0.0000226766   0.1080903362  -0.0000002339
        0.0000004073   0.0000077093   0.0000051627   0.0000013433  -0.0005851910
        0.0000024176   0.0000000580   0.0068555146   0.0000226853  -0.0000363787
       -0.0327495835   0.0000126557  -0.0000073839   0.0016755002   0.0000072671
        0.0000059520   0.0003316844   0.0000017532   0.0000007986   0.0010412235
       -0.0019399384   0.0016452723  -0.0000001653   0.0022443422  -0.0014196256
        0.0000000963   0.0052599021  -0.0101358679   0.0000033132  -0.1057468459
        0.1081032769   0.0000145911  -0.0009164547  -0.0026441831   0.0000018010
       -0.0047547363  -0.0014303133   0.0000042112  -0.0185515140   0.0273953130
        0.0000050259  -0.0001255148  -0.0004261425  -0.0000002339   0.1234679280
       -0.1216129327  -0.0000238638   0.0003326299  -0.0006497243   0.0000000281
        0.0008180004   0.0007361285  -0.0000012749  -0.0000240931  -0.0000244800
       -0.0000003731  -0.0002627669   0.0002736938  -0.0000035431  -0.0000244766
        0.0000934039  -0.0000000995   0.0002235380   0.0000961812   0.0000004870
        0.0002595993  -0.0002032864   0.0000002274   0.0011944854   0.0014922814
        0.0000029385   0.0141321302  -0.0271155746  -0.0000045357   0.1084701368
       -0.2362873901  -0.0000288276  -0.0031604128  -0.0043345776   0.0000027490
       -0.0002389290   0.0019840031   0.0000004739   0.0033018730  -0.0025861490
       -0.0000012089  -0.0011923713   0.0004217426   0.0000004073  -0.1216129327
        0.2663255475   0.0000350246   0.0006647446  -0.0014897907  -0.0000012436
       -0.0007422628   0.0012325311  -0.0000001618  -0.0000389989   0.0001148543
       -0.0000003197  -0.0014177246  -0.0001195724  -0.0000086686   0.0004270473
        0.0005567985   0.0000031035  -0.0000463844   0.0000085823   0.0000000418
       -0.0000122063   0.0000002411   0.0003213358  -0.0000020403  -0.0000108045
       -0.0013163161   0.0000076359   0.0000060058   0.0009054423   0.0000165792
       -0.0000368820  -0.0306306265   0.0000054275  -0.0000001833   0.0067522392
        0.0000113328   0.0000009172   0.0078927007   0.0000059927  -0.0000073000
       -0.0005235646   0.0000008687   0.0000013403   0.0000077093  -0.0000238638
        0.0000350246   0.0223256532  -0.0000001813   0.0000012637  -0.0005952835
       -0.0000015750   0.0000000294  -0.0029341232  -0.0000010244  -0.0000000231
       -0.0015564036  -0.0000038446   0.0000089184  -0.0005942038  -0.0000032949
        0.0000011875  -0.0000003538   0.0000001938   0.0000002651  -0.0000542053
       -0.0008368447  -0.0014969930   0.0000000457   0.0022297986   0.0014609522
       -0.0000000732   0.0051832997   0.0103527832   0.0000038187  -0.0009851899
        0.0026524790   0.0000017781  -0.1042472621  -0.1075121190   0.0000153280
       -0.0052203456   0.0010333537   0.0000044363  -0.0001530273   0.0004838952
       -0.0000001627  -0.0183643376  -0.0271294925   0.0000051627   0.0003326299
        0.0006647446  -0.0000001813   0.1219889805   0.1209002257  -0.0000248711
       -0.0000745158   0.0000024955  -0.0000005553   0.0008779118  -0.0007852144
       -0.0000013204  -0.0000202086  -0.0001001958  -0.0000000477  -0.0002858657
       -0.0002775781  -0.0000036296  -0.0004250232  -0.0002493363   0.0000002717
       -0.0001507574  -0.0001518096  -0.0000000903  -0.0012180253   0.0014772052
       -0.0000026257  -0.0138143471  -0.0271021107   0.0000046121   0.0030931691
       -0.0042946325  -0.0000024953  -0.1078687330  -0.2382137258   0.0000304328
        0.0000751684   0.0018746978  -0.0000004585   0.0012435905   0.0004757702
       -0.0000004937  -0.0034904718  -0.0025463612   0.0000013433  -0.0006497243
       -0.0014897907   0.0000012637   0.1209002257   0.2682936043  -0.0000369678
        0.0000054655   0.0001047094   0.0000002868   0.0007882112   0.0011216025
        0.0000001125  -0.0004313741   0.0005533373  -0.0000031949   0.0014170917
       -0.0001102870   0.0000084401   0.0001005109   0.0000077909  -0.0000001650
       -0.0000113437   0.0000004328   0.0002530862  -0.0000016722   0.0000109513
       -0.0012902480   0.0000065652  -0.0000062886   0.0009456833   0.0000018475
        0.0000000617   0.0065851475   0.0000207355   0.0000385007  -0.0311181403
        0.0000110392  -0.0000012758   0.0083352530   0.0000045679  -0.0000014412
        0.0000919480   0.0000016871   0.0000068723  -0.0005851910   0.0000000281
       -0.0000012436  -0.0005952835  -0.0000248711  -0.0000369678   0.0225871610
       -0.0000012158   0.0000000152  -0.0015462277  -0.0000013224   0.0000000722
       -0.0030139563  -0.0000030937  -0.0000011484   0.0000072917  -0.0000032874
       -0.0000087800  -0.0005623909   0.0000003358   0.0000002390  -0.0000941329
        0.0041245449   0.0016410691  -0.0000013999  -0.0007109560  -0.0015987068
       -0.0000003617  -0.0055575343   0.0010237112   0.0000044381  -0.0177969733
       -0.0270153596   0.0000062275  -0.0001479041   0.0004552277  -0.0000000838
        0.0038000992   0.0105844868  -0.0000010611  -0.1027738947  -0.1040807097
        0.0000198977  -0.0008202157   0.0027259027   0.0000024176   0.0008180004
       -0.0007422628  -0.0000015750  -0.0000745158   0.0000054655  -0.0000012158
        0.1196218511   0.1177118467  -0.0000283597   0.0003202180   0.0006106768
       -0.0000001662   0.0001316731  -0.0001669306  -0.0000005803  -0.0005046832
       -0.0000979998   0.0000015304  -0.0004297098  -0.0010564171   0.0000002923
       -0.0014591042   0.0018968153   0.0000001051  -0.0000515504  -0.0001815881
        0.0000011950   0.0001258729   0.0016523446  -0.0000003379  -0.0030954548
       -0.0023494162   0.0000011722   0.0010845562   0.0005806763  -0.0000001194
       -0.0144414762  -0.0272264238   0.0000043993  -0.1047727920  -0.2352631505
        0.0000338701   0.0032129755  -0.0046405473   0.0000000580   0.0007361285
        0.0012325311   0.0000000294   0.0000024955   0.0001047094   0.0000000152
        0.1177118467   0.2658198926  -0.0000387194  -0.0008001820  -0.0014480536
       -0.0000002226  -0.0000279249  -0.0000151251  -0.0000012666   0.0000199207
        0.0000267871   0.0000001166   0.0017546883  -0.0001894520  -0.0000002950
       -0.0000021409   0.0000000520  -0.0015849489  -0.0000048923  -0.0000066988
        0.0001510136   0.0000075208   0.0000017703   0.0081218084   0.0000067330
        0.0000063851  -0.0003316852  -0.0000012078  -0.0000000729  -0.0000669935
        0.0000018498  -0.0000050915   0.0009807617   0.0000173998   0.0000354170
       -0.0314725636   0.0000024318   0.0000006759   0.0068555146  -0.0000012749
       -0.0000001618  -0.0029341232  -0.0000005553   0.0000002868  -0.0015462277
       -0.0000283597  -0.0000387194   0.0228286101  -0.0000000939   0.0000002009
       -0.0003331602   0.0000009183   0.0000030069   0.0000303487   0.0000018829
        0.0000027017  -0.0001116801  -0.0000002116   0.0000002476  -0.0005866745
        0.0013965641   0.0005504718  -0.0000011487  -0.0005282653   0.0014837927
       -0.0000018130  -0.0055473029  -0.0010223360   0.0000043395  -0.0000153387
       -0.0003684988  -0.0000000605  -0.0174410717   0.0256695582   0.0000062782
        0.0072959779  -0.0109871238  -0.0000016869  -0.0012998398  -0.0026243098
        0.0000023504  -0.1122914916   0.1155457274   0.0000226853  -0.0000240931
       -0.0000389989  -0.0000010244   0.0008779118   0.0007882112  -0.0000013224
        0.0003202180  -0.0008001820  -0.0000000939   0.1276214576  -0.1284885101
       -0.0000307810  -0.0004720064   0.0000867751   0.0000018173   0.0001242112
        0.0001589657   0.0000000500  -0.0000169311   0.0000464573   0.0000004103
        0.0002686351   0.0020017248   0.0000001103  -0.0000540872  -0.0001268325
       -0.0000003213  -0.0001529569   0.0015746618   0.0000001235  -0.0011263379
        0.0004745345   0.0000000845   0.0026969288  -0.0016455668  -0.0000011011
        0.0148297165  -0.0273243755  -0.0000047330  -0.0028239656  -0.0044605026
       -0.0000001344   0.1144897313  -0.2376327422  -0.0000363787  -0.0000244800
        0.0001148543  -0.0000000231  -0.0007852144   0.0011216025   0.0000000722
        0.0006106768  -0.0014480536   0.0000002009  -0.1284885101   0.2665120115
        0.0000414204  -0.0000381766   0.0000291916  -0.0000003170   0.0000231582
       -0.0000065905   0.0000008729   0.0005748821   0.0008160826   0.0000001238
       -0.0000007328  -0.0000001805  -0.0029370539  -0.0000030591   0.0000075075
        0.0001105474   0.0000053155  -0.0000028290   0.0083774913  -0.0000033184
        0.0000005203  -0.0000609931   0.0000086775  -0.0000061440  -0.0002386220
        0.0000004128   0.0000055752   0.0017848345   0.0000049282  -0.0000008998
        0.0069458939   0.0000172801  -0.0000385028  -0.0327495835  -0.0000003731
       -0.0000003197  -0.0015564036  -0.0000013204   0.0000001125  -0.0030139563
       -0.0000001662  -0.0000002226  -0.0003331602  -0.0000307810   0.0000414204
        0.0236613375   0.0000019059  -0.0000028451  -0.0001416330   0.0000012164
       -0.0000031754   0.0000389415   0.0000000145  -0.0000000169   0.0001123595
        0.0004142520  -0.0000914960   0.0000007593  -0.1410258889   0.1608356890
       -0.0009848258  -0.0168945097   0.0274092027  -0.0001650818   0.0020470843
        0.0021165101   0.0000060831  -0.0068165224  -0.0006478088  -0.0000114280
        0.0001452992  -0.0003903300   0.0000005049  -0.0004714794   0.0002319473
        0.0000077586  -0.0002862814   0.0017863007   0.0000126557  -0.0002627669
       -0.0014177246  -0.0000038446  -0.0000202086  -0.0004313741  -0.0000030937
        0.0001316731  -0.0000279249   0.0000009183  -0.0004720064  -0.0000381766
        0.0000019059   0.1561330854  -0.1757525777   0.0010532362   0.0074242218
       -0.0135623717   0.0000833504  -0.0000459519  -0.0000198655   0.0000011015
       -0.0006248107  -0.0000003277   0.0000021401   0.1558336899  -0.3289897376
        0.0014822302   0.0091604948  -0.0017084079   0.0000021293  -0.0030911796
        0.0007713244   0.0000027366  -0.0002975117   0.0016292346   0.0000083529
        0.0003788276   0.0003740032  -0.0000027265   0.0003881049  -0.0006286975
       -0.0000064788  -0.0000417324  -0.0002291256  -0.0000073839   0.0002736938
       -0.0001195724   0.0000089184  -0.0001001958   0.0005533373  -0.0000011484
       -0.0001669306  -0.0000151251   0.0000030069   0.0000867751   0.0000291916
       -0.0000028451  -0.1757525777   0.3500975063  -0.0016682379   0.0139081235
       -0.0218036212   0.0001784738   0.0000452290   0.0000400176   0.0000008323
       -0.0000169860   0.0000004429  -0.0003404009  -0.0013083015   0.0019438680
        0.0099365406   0.0001633529  -0.0000859301  -0.0064684715  -0.0000010814
       -0.0000089983  -0.0009209038   0.0000079084   0.0000196986   0.0014462585
        0.0000129585  -0.0000139307   0.0002485378  -0.0000126794   0.0000082914
        0.0003610009   0.0000168644  -0.0000059727   0.0016755002  -0.0000035431
       -0.0000086686  -0.0005942038  -0.0000000477  -0.0000031949   0.0000072917
       -0.0000005803  -0.0000012666   0.0000303487   0.0000018173  -0.0000003170
       -0.0001416330   0.0010532362  -0.0016682379   0.0004253589   0.0000848738
       -0.0001765347  -0.0057074418   0.0000022081   0.0000007505   0.0000422175
        0.0003234290   0.0001158321   0.0000006069  -0.1374162047  -0.1587349293
       -0.0009640613  -0.0165148546  -0.0276094649  -0.0001647610  -0.0068872826
        0.0005369815  -0.0000116177   0.0019882270  -0.0020959721   0.0000063115
        0.0001505796   0.0004168085   0.0000005181  -0.0001957183  -0.0017435476
        0.0000127577  -0.0004300835  -0.0002358525   0.0000072671  -0.0000244766
        0.0004270473  -0.0000032949  -0.0002858657   0.0014170917  -0.0000032874
       -0.0005046832   0.0000199207   0.0000018829   0.0001242112   0.0000231582
        0.0000012164   0.0074242218   0.0139081235   0.0000848738   0.1521906078
        0.1735697302   0.0010303636   0.0000578928  -0.0000149274   0.0000012243
        0.0006522068  -0.0000320245  -0.0000021568  -0.1537704420  -0.3327851506
       -0.0014854316  -0.0093673494  -0.0021103340  -0.0000044496   0.0002137442
        0.0016520129  -0.0000087478   0.0031468817   0.0008170627  -0.0000026177
       -0.0004135325   0.0005363255   0.0000023854   0.0001097429  -0.0002664841
        0.0000073430  -0.0004131524  -0.0006623866   0.0000059520   0.0000934039
        0.0005567985   0.0000011875  -0.0002775781  -0.0001102870  -0.0000087800
       -0.0000979998   0.0000267871   0.0000027017   0.0001589657  -0.0000065905
       -0.0000031754  -0.0135623717  -0.0218036212  -0.0001765347   0.1735697302
        0.3542326908   0.0016720907  -0.0000422495  -0.0000447989   0.0000002333
       -0.0000166686   0.0000011556  -0.0003048831  -0.0012810677  -0.0019507478
        0.0098952903   0.0001608350   0.0000877399  -0.0064549966   0.0000085804
       -0.0000199019   0.0013827625  -0.0000020530   0.0000084394  -0.0009364126
        0.0000120429   0.0000106977   0.0002360328   0.0000159321   0.0000067793
        0.0017147246  -0.0000118501  -0.0000078427   0.0003316844  -0.0000000995
        0.0000031035  -0.0000003538  -0.0000036296   0.0000084401  -0.0005623909
        0.0000015304   0.0000001166  -0.0001116801   0.0000000500   0.0000008729
        0.0000389415   0.0000833504   0.0001784738  -0.0057074418   0.0010303636
        0.0016720907   0.0004731599   0.0000026837   0.0000005828   0.0000055630
       -0.0755203661  -0.1006433864   0.0000020294   0.0011331956   0.0001286976
       -0.0000080533  -0.0009577323  -0.0000351885   0.0000016784  -0.0000519201
        0.0001442665   0.0000007322  -0.0004598551  -0.0018758313   0.0000008460
       -0.0210700904  -0.0368949228   0.0000001858   0.0013235247  -0.0015220484
       -0.0000003852  -0.0069947952  -0.0000746819   0.0000017532   0.0002235380
       -0.0000463844   0.0000001938  -0.0004250232   0.0001005109   0.0000003358
       -0.0004297098   0.0017546883  -0.0000002116  -0.0000169311   0.0005748821
        0.0000000145  -0.0000459519   0.0000452290   0.0000022081   0.0000578928
       -0.0000422495   0.0000026837   0.1032342241   0.1383864189  -0.0000040110
       -0.1284924145  -0.3986883628  -0.0000199734   0.0003609685  -0.0000152907
       -0.0000026149  -0.0003239798   0.0006586259   0.0000005434  -0.0002270546
       -0.0004326987   0.0000003574   0.0005484398  -0.0006613398   0.0000000149
       -0.0096095982   0.0012137392   0.0000024806   0.0024006594   0.0029434429
       -0.0000006482  -0.0018455316   0.0002395380   0.0000007986   0.0000961812
        0.0000085823   0.0000002651  -0.0002493363   0.0000077909   0.0000002390
       -0.0010564171  -0.0001894520   0.0000002476   0.0000464573   0.0008160826
       -0.0000000169  -0.0000198655   0.0000400176   0.0000007505  -0.0000149274
       -0.0000447989   0.0000005828   0.1383864189   0.3941041235   0.0000169737
        0.0000071918  -0.0000260078  -0.0052376027   0.0000074279  -0.0000020322
       -0.0002738414  -0.0000104356   0.0000005712   0.0003528338   0.0000005335
        0.0000007751   0.0000964091   0.0000005616  -0.0000000431   0.0010339069
       -0.0000033624   0.0000095951  -0.0009098793  -0.0000015526   0.0000008911
       -0.0009040873  -0.0000001403  -0.0000014942   0.0010412235   0.0000004870
        0.0000000418  -0.0000542053   0.0000002717  -0.0000001650  -0.0000941329
        0.0000002923  -0.0000002950  -0.0005866745   0.0000004103   0.0000001238
        0.0001123595   0.0000011015   0.0000008323   0.0000422175   0.0000012243
        0.0000002333   0.0000055630  -0.0000040110   0.0000169737   0.0053759100
