           2           3   1.1647565908775437     
           3           4   1.3455137137445516     
           3           5   1.3349905321369606     
           1           6   1.0477212127795577     
           4           7   1.4514104292885825     
           5           7  0.10254247818024735     
           6           7   1.3771933082040424     
           4           8  0.10482301760504978     
           5           8   1.4703930355867623     
           6           8   1.3612409555112039     
           4           9  0.96921150646246801     
           5          10  0.96880158603103417     
           7          11  0.96693172510861791     
           8          12  0.96880584941324477     
           2          13  0.95775316204925509     
           2          14  0.95756880061060512     
           1          15  0.89445127752629050     
