           2           3  0.16441637315297905     
           3           4   1.0658513848047892     
           4           5   1.3767782481251269     
           4           6   1.3581003831420848     
           5           7   1.4501335868422782     
           6           7  0.10244098970836119     
           5           8  0.10395032003823723     
           6           8   1.4732506114676078     
           1           9   1.0741706912301070     
           7           9   1.3738072025942740     
           8           9   1.3534228965111192     
           2          10   1.6338490564585828     
           3          10   1.2456629279635709     
          10          11  0.99039775160268873     
           5          12  0.96279072596976289     
           6          13  0.96448821601338963     
           3          14  0.91714485216580133     
           7          15  0.96562207034452763     
           8          16  0.96745569130591336     
          11          17  0.96310241193682833     
          11          18  0.98294593348064541     
          11          19  0.96425356627193937     
           1          20  0.84170905270578189     
