           1           2   1.0062585518875078     
           2           3   1.6937637625470447     
           2           4   1.1400597180771201     
           3           4  0.16072415053325723     
           4           5  0.86962773518832392     
           5           6  0.97405825123407275     
           5           7   1.0038708197737041     
           5           8   1.0027096773635840     
           8           9   1.1013448981274538     
           9          10   1.3695836184264247     
          10          11   1.4420870161483177     
          11          12   1.3820678355975846     
          12          13   1.0561719961637881     
          10          14  0.10366015538545417     
          12          14   1.3552358984472463     
           9          15   1.3438430342988004     
          11          15  0.10449131709052555     
          14          15   1.4761518150105357     
           1          16  0.97710227861004229     
           1          17  0.94348227956877717     
           1          18  0.95620674680891637     
           6          19  0.97969567184977813     
           6          20  0.98122483070374411     
           6          21  0.97433630608755950     
           7          22  0.83206958139195941     
           8          23  0.92129551035117263     
          10          24  0.96442592716553954     
          11          25  0.96622741131095868     
          13          26  0.84608652907042559     
          14          27  0.96835171339404480     
          15          28  0.96719394797101010     
