$hessian                                                                        
        0.4151676394   0.0000008061  -0.0003866288  -0.0254765838   0.0682310735
        0.0000815739  -0.0254731035  -0.0682299482   0.0000806708  -0.1175929609
        0.0208811274   0.0001116668  -0.1175912311  -0.0208812624   0.0001154495
       -0.0558719709  -0.0029597892  -0.0000363586  -0.0558720821   0.0029584066
       -0.0000166986  -0.0061015056  -0.0051742311  -0.0000127164  -0.0012863168
        0.0013514266  -0.0005239179  -0.0012568870   0.0013674371   0.0005654636
       -0.0012626242  -0.0013638808   0.0005603442  -0.0061017803   0.0051741959
       -0.0000098070  -0.0012805933  -0.0013553615  -0.0005290415
        0.0000008061   0.3318349359   0.0000004566   0.0649506193  -0.0591162285
       -0.0001307861  -0.0649495634  -0.0591194283   0.0001289818   0.0402633566
       -0.1151942464  -0.0000823594  -0.0402633164  -0.1151958032   0.0000800429
       -0.0166067790   0.0097137208   0.0000617725   0.0166052358   0.0097145289
       -0.0000452959  -0.0039042777  -0.0018773232  -0.0000122986   0.0005337676
        0.0002624996   0.0007955636   0.0005309960   0.0002960714  -0.0008231364
       -0.0005329214   0.0002915177   0.0008181482   0.0039041934  -0.0018771586
        0.0000096643  -0.0005321170   0.0002669138  -0.0008007536
       -0.0003866288   0.0000004566   0.0419919717   0.0000878506  -0.0001268698
        0.0206750027   0.0000872734   0.0001202235   0.0206752079   0.0000980745
       -0.0000345548  -0.0542594567   0.0001044430   0.0000406012  -0.0542599821
       -0.0000214993   0.0000147040   0.0097616832  -0.0000047013  -0.0000063130
        0.0097617144  -0.0000027415  -0.0000128827   0.0015728060   0.0017664544
        0.0012569968   0.0006399835  -0.0017423480  -0.0012675882   0.0006140453
       -0.0017469294   0.0012662314   0.0006174103  -0.0000012093   0.0000075155
        0.0015727153   0.0017619617  -0.0012585204   0.0006368984
       -0.0254765838   0.0649506193   0.0000878506   0.1022354141  -0.0901755607
       -0.0001277921  -0.0080176131   0.0006985093   0.0000212676  -0.0798016564
        0.0605541487   0.0000748681   0.0079657766  -0.0012502441  -0.0000060848
        0.0058476592  -0.0292210630  -0.0000056249  -0.0010009728   0.0009191942
       -0.0000081152   0.0027777656   0.0005899580  -0.0000134528  -0.0022597244
       -0.0032337955  -0.0001794200  -0.0023061377  -0.0033074357   0.0001603975
       -0.0000070054  -0.0002066260  -0.0001786662   0.0000471313  -0.0001153656
       -0.0000023970  -0.0000040530  -0.0002023389   0.0001771690
        0.0682310735  -0.0591162285  -0.0001268698  -0.0901755607   0.8887590520
        0.0010331763  -0.0006989816   0.0096388256  -0.0000121897   0.0394523168
       -0.7638878301  -0.0008706021  -0.0110327413  -0.0159027302   0.0000440790
       -0.0030135859  -0.0566157477  -0.0001022587   0.0027565431   0.0012056176
       -0.0000114864   0.0025018242   0.0018777022   0.0000271615  -0.0038233402
       -0.0033084803   0.0010538799  -0.0039543668  -0.0033766093  -0.0010410161
       -0.0004386388   0.0003625973   0.0004487930   0.0006330143   0.0000078373
        0.0000000814  -0.0004375566   0.0003559941  -0.0004427482
        0.0000815739  -0.0001307861   0.0206750027  -0.0001277921   0.0010331763
        0.0232194822   0.0000209631   0.0000128289   0.0023433736   0.0000560585
       -0.0007456332  -0.0636993753  -0.0000175027  -0.0000201562  -0.0032471181
        0.0000114310  -0.0001819429   0.0219365560   0.0000025096   0.0000045830
       -0.0002834931  -0.0000199409  -0.0000091533  -0.0006812543   0.0021387359
        0.0027496004  -0.0000882680  -0.0021445184  -0.0027146511  -0.0000955871
       -0.0000093700   0.0000224246  -0.0000054198   0.0000008357  -0.0000007054
       -0.0000725610   0.0000070165  -0.0000195850  -0.0000013377
       -0.0254731035  -0.0649495634   0.0000872734  -0.0080176131  -0.0006989816
        0.0000209631   0.1022312725   0.0901550236  -0.0001223026   0.0079654254
        0.0012508161  -0.0000050955  -0.0797995923  -0.0605363769   0.0000653741
       -0.0010009106  -0.0009192238  -0.0000099742   0.0058467068   0.0292225485
       -0.0000121939   0.0000471402   0.0001153211  -0.0000021389  -0.0000037338
        0.0002014755   0.0001774884  -0.0000073204   0.0002073995  -0.0001783004
       -0.0022987737   0.0032956299   0.0001631089   0.0027779381  -0.0005899111
       -0.0000073580  -0.0022674355   0.0032458426  -0.0001768443
       -0.0682299482  -0.0591194283   0.0001202235   0.0006985093   0.0096388256
        0.0000128289   0.0901550236   0.8887583413  -0.0009155847   0.0110333715
       -0.0159023743  -0.0000454744  -0.0394346430  -0.7638853960   0.0007663215
       -0.0027566157   0.0012054797   0.0000146121   0.0030149808  -0.0566151162
        0.0000809848  -0.0006329904   0.0000078311   0.0000005054   0.0004374677
        0.0003542165   0.0004418480   0.0004386846   0.0003644493  -0.0004496398
        0.0039331194  -0.0033647382   0.0010431482  -0.0025017569   0.0018777603
       -0.0000180632   0.0038447973  -0.0033198507  -0.0010517102
        0.0000806708   0.0001289818   0.0206752079   0.0000212676  -0.0000121897
        0.0023433736  -0.0001223026  -0.0009155847   0.0232195769  -0.0000172071
        0.0000170017  -0.0032472104   0.0000518965   0.0006506542  -0.0637011077
        0.0000027693  -0.0000044436  -0.0002829758   0.0000033604   0.0001517048
        0.0219393627   0.0000006655   0.0000011074  -0.0000725130   0.0000068249
        0.0000197610  -0.0000014622  -0.0000095174  -0.0000224905  -0.0000056309
       -0.0021449518   0.0027228579  -0.0000967303  -0.0000120232   0.0000044214
       -0.0006817675   0.0021385470  -0.0027417818  -0.0000881236
       -0.1175929609   0.0402633566   0.0000980745  -0.0798016564   0.0394523168
        0.0000560585   0.0079654254   0.0110333715  -0.0000172071   0.4039691981
       -0.0022650217  -0.0000009358  -0.0708875961  -0.0138678512   0.0000724092
       -0.1263637035  -0.0517003366  -0.0000483234   0.0012650147  -0.0046482559
        0.0000301838  -0.0253403072  -0.0153488433  -0.0000399179   0.0035475634
       -0.0024970414  -0.0006220945   0.0037637127  -0.0023076916   0.0004737990
       -0.0000158621   0.0004170795   0.0000564251  -0.0004832255   0.0010512206
       -0.0000041106  -0.0000256026   0.0004176967  -0.0000543606
        0.0208811274  -0.1151942464  -0.0000345548   0.0605541487  -0.7638878301
       -0.0007456332   0.0012508161  -0.0159023743   0.0000170017  -0.0022650217
        0.9880798999   0.0011227746   0.0138648291   0.0473665333  -0.0000651987
       -0.0710381787  -0.1134044541  -0.0000994550  -0.0073058831  -0.0018779548
        0.0000215483   0.0080392140   0.0090119101  -0.0000203925  -0.0118893713
       -0.0167988680  -0.0046264701  -0.0120408498  -0.0171573877   0.0044465047
        0.0007965509  -0.0003828683  -0.0003804287  -0.0016398007   0.0005295584
        0.0000008218   0.0007924190  -0.0003819182   0.0003634819
        0.0001116668  -0.0000823594  -0.0542594567   0.0000748681  -0.0008706021
       -0.0636993753  -0.0000050955  -0.0000454744  -0.0032472104  -0.0000009358
        0.0011227746   0.1928593666   0.0000729106   0.0000677737   0.0011943101
       -0.0001862735  -0.0001082386  -0.0737494856  -0.0000192366  -0.0000120598
        0.0031156014   0.0001893028   0.0001658819   0.0000286016  -0.0191943134
       -0.0191285189  -0.0014195585   0.0189517518   0.0188882147  -0.0012586113
       -0.0001092081   0.0001498578  -0.0000077713  -0.0000069021   0.0000058153
        0.0004508001   0.0001214648  -0.0001530648  -0.0000072107
       -0.1175912311  -0.0402633164   0.0001044430   0.0079657766  -0.0110327413
       -0.0000175027  -0.0797995923  -0.0394346430   0.0000518965  -0.0708875961
        0.0138648291   0.0000729106   0.4039691881   0.0022501110  -0.0000347935
        0.0012648042   0.0046481809   0.0000392114  -0.1263671111   0.0516989620
       -0.0000676537  -0.0004832799  -0.0010511552  -0.0000100303  -0.0000275733
       -0.0004180383  -0.0000551489  -0.0000139854  -0.0004165994   0.0000556092
        0.0037256190   0.0023422699   0.0004965113  -0.0253406017   0.0153481856
       -0.0000364174   0.0035855829   0.0024639553  -0.0005990357
       -0.0208812624  -0.1151958032   0.0000406012  -0.0012502441  -0.0159027302
       -0.0000201562  -0.0605363769  -0.7638853960   0.0006506542  -0.0138678512
        0.0473665333   0.0000677737   0.0022501110   0.9880751497  -0.0009870452
        0.0073059318  -0.0018775984  -0.0000255922   0.0710381453  -0.1134005293
        0.0001131275   0.0016397399   0.0005295886  -0.0000022464  -0.0007906737
       -0.0003800930  -0.0003615254  -0.0007982545  -0.0003848092   0.0003823550
        0.0120250667  -0.0171094518  -0.0044694663  -0.0080407689   0.0090124010
        0.0000071888   0.0119064370  -0.0168472614   0.0046043313
        0.0001154495   0.0000800429  -0.0542599821  -0.0000060848   0.0000440790
       -0.0032471181   0.0000653741   0.0007663215  -0.0637011077   0.0000724092
       -0.0000651987   0.0011943101  -0.0000347935  -0.0009870452   0.1928631182
       -0.0000225865   0.0000151065   0.0031157248  -0.0001588633   0.0000939583
       -0.0737520368  -0.0000078310  -0.0000085570   0.0004504954   0.0001241645
        0.0001543198  -0.0000081673  -0.0001066390  -0.0001488181  -0.0000068359
        0.0189902899  -0.0189252807  -0.0012761121   0.0001265713  -0.0001104430
        0.0000289494  -0.0191574604   0.0190915147  -0.0014012379
       -0.0558719709  -0.0166067790  -0.0000214993   0.0058476592  -0.0030135859
        0.0000114310  -0.0010009106  -0.0027566157   0.0000027693  -0.1263637035
       -0.0710381787  -0.0001862735   0.0012648042   0.0073059318  -0.0000225865
        0.5060926937  -0.0496622924  -0.0002681132  -0.0028491443  -0.0002635144
        0.0000017896  -0.2382167448   0.1045816229   0.0017828017  -0.0439846642
        0.0149401713   0.0177835131  -0.0444438637   0.0164462217  -0.0190797901
        0.0000223942  -0.0001829014  -0.0000988724  -0.0005183343   0.0004314792
       -0.0000024645   0.0000217851  -0.0001815595   0.0000972949
       -0.0029597892   0.0097137208   0.0000147040  -0.0292210630  -0.0566157477
       -0.0001819429  -0.0009192238   0.0012054797  -0.0000044436  -0.0517003366
       -0.1134044541  -0.0001082386   0.0046481809  -0.0018775984   0.0000151065
       -0.0496622924   0.4971003791  -0.0003213519   0.0002634254   0.0007513816
       -0.0000079194   0.1020578116  -0.0984671002  -0.0008609794   0.0130440242
       -0.1171164412  -0.1154231340   0.0145489515  -0.1211966738   0.1168733404
       -0.0001494702  -0.0000084439   0.0000614783   0.0001969283  -0.0000769214
        0.0000009019  -0.0001471467  -0.0000075806  -0.0000575212
       -0.0000363586   0.0000617725   0.0097616832  -0.0000056249  -0.0001022587
        0.0219365560  -0.0000099742   0.0000146121  -0.0002829758  -0.0000483234
       -0.0000994550  -0.0737494856   0.0000392114  -0.0000255922   0.0031157248
       -0.0002681132  -0.0003213519   0.4874079715   0.0000005687   0.0000091560
       -0.0008092465   0.0017653577  -0.0008821195  -0.0438955519   0.0152727178
       -0.1193977340  -0.2037287667  -0.0167067845   0.1207450358  -0.1996219930
        0.0001028718  -0.0000748328  -0.0000068679   0.0000028362  -0.0000013816
       -0.0001174608  -0.0001083849   0.0000741494  -0.0000095873
       -0.0558720821   0.0166052358  -0.0000047013  -0.0010009728   0.0027565431
        0.0000025096   0.0058467068   0.0030149808   0.0000033604   0.0012650147
       -0.0073058831  -0.0000192366  -0.1263671111   0.0710381453  -0.0001588633
       -0.0028491443   0.0002634254   0.0000005687   0.5060928725   0.0496640145
       -0.0001931570  -0.0005183148  -0.0004314916  -0.0000030939   0.0000213370
        0.0001804941   0.0000976244   0.0000228320   0.0001839382  -0.0000985284
       -0.0443562091  -0.0161891039  -0.0188506932  -0.2382176016  -0.1045913047
        0.0012079728  -0.0440673272  -0.0151889939   0.0180162376
        0.0029584066   0.0097145289  -0.0000063130   0.0009191942   0.0012056176
        0.0000045830   0.0292225485  -0.0566151162   0.0001517048  -0.0046482559
       -0.0018779548  -0.0000120598   0.0516989620  -0.1134005293   0.0000939583
       -0.0002635144   0.0007513816   0.0000091560   0.0496640145   0.4970994208
        0.0002301277  -0.0001969403  -0.0000769022  -0.0000013455   0.0001469965
       -0.0000077826   0.0000570456   0.0001496008  -0.0000081724  -0.0000619668
       -0.0142901253  -0.1205963257  -0.1166851294  -0.1020671699  -0.0984766287
        0.0005886074  -0.0132937171  -0.1177115369   0.1156316318
       -0.0000166986  -0.0000452959   0.0097617144  -0.0000081152  -0.0000114864
       -0.0002834931  -0.0000121939   0.0000809848   0.0219393627   0.0000301838
        0.0000215483   0.0031156014  -0.0000676537   0.0001131275  -0.0737520368
        0.0000017896  -0.0000079194  -0.0008092465  -0.0001931570   0.0002301277
        0.4874125322   0.0000027330   0.0000020124  -0.0001174227  -0.0001084734
       -0.0000747289  -0.0000092248   0.0001028271   0.0000746825  -0.0000071481
       -0.0164538836  -0.1205748366  -0.2002599424   0.0011934645   0.0006015206
       -0.0438891417   0.0155291774   0.1195902635  -0.2031015546
       -0.0061015056  -0.0039042777  -0.0000027415   0.0027777656   0.0025018242
       -0.0000199409   0.0000471402  -0.0006329904   0.0000006655  -0.0253403072
        0.0080392140   0.0001893028  -0.0004832799   0.0016397399  -0.0000078310
       -0.2382167448   0.1020578116   0.0017653577  -0.0005183148  -0.0001969403
        0.0000027330   0.2758153764  -0.1174682244  -0.0020284328  -0.0039047638
        0.0039384092   0.0016630866  -0.0041266193   0.0040697796  -0.0015621219
        0.0000696799  -0.0000542023  -0.0000555109  -0.0000876190   0.0000623343
       -0.0000002933   0.0000691923  -0.0000524778   0.0000557267
       -0.0051742311  -0.0018773232  -0.0000128827   0.0005899580   0.0018777022
       -0.0000091533   0.0001153211   0.0000078311   0.0000011074  -0.0153488433
        0.0090119101   0.0001658819  -0.0010511552   0.0005295886  -0.0000085570
        0.1045816229  -0.0984671002  -0.0008821195  -0.0004314916  -0.0000769022
        0.0000020124  -0.1174682244   0.1079155037   0.0010628823   0.0169451170
       -0.0093429375  -0.0019767456   0.0173241153  -0.0095924120   0.0016575086
       -0.0000111066  -0.0000264068   0.0000094758  -0.0000623283   0.0000669171
        0.0000001075  -0.0000087538  -0.0000263711  -0.0000095178
       -0.0000127164  -0.0000122986   0.0015728060  -0.0000134528   0.0000271615
       -0.0006812543  -0.0000021389   0.0000005054  -0.0000725130  -0.0000399179
       -0.0000203925   0.0000286016  -0.0000100303  -0.0000022464   0.0004504954
        0.0017828017  -0.0008609794  -0.0438955519  -0.0000030939  -0.0000013455
       -0.0001174227  -0.0020284328   0.0010628823   0.0451571898   0.0229188935
       -0.0133237257  -0.0014654207  -0.0225898102   0.0131296608  -0.0009744982
       -0.0000044015  -0.0000110431  -0.0000018854  -0.0000005649   0.0000000468
       -0.0000004201   0.0000028644   0.0000117746  -0.0000001264
       -0.0012863168   0.0005337676   0.0017664544  -0.0022597244  -0.0038233402
        0.0021387359  -0.0000037338   0.0004374677   0.0000068249   0.0035475634
       -0.0118893713  -0.0191943134  -0.0000275733  -0.0007906737   0.0001241645
       -0.0439846642   0.0130440242   0.0152727178   0.0000213370   0.0001469965
       -0.0001084734  -0.0039047638   0.0169451170   0.0229188935   0.0460635512
       -0.0137170465  -0.0204812064   0.0018874144  -0.0008926820  -0.0024531646
       -0.0000943590   0.0000057111   0.0000372899   0.0000690506   0.0000088730
        0.0000027605  -0.0000277813  -0.0000088435  -0.0000306837
        0.0013514266   0.0002624996   0.0012569968  -0.0032337955  -0.0033084803
        0.0027496004   0.0002014755   0.0003542165   0.0000197610  -0.0024970414
       -0.0167988680  -0.0191285189  -0.0004180383  -0.0003800930   0.0001543198
        0.0149401713  -0.1171164412  -0.1193977340   0.0001804941  -0.0000077826
       -0.0000747289   0.0039384092  -0.0093429375  -0.0133237257  -0.0137170465
        0.1360944148   0.1335560647  -0.0008023761   0.0101865982   0.0141913377
       -0.0000047632   0.0000618334   0.0000111659   0.0000522310  -0.0000262286
       -0.0000116807   0.0000088534   0.0000212685  -0.0000028580
       -0.0005239179   0.0007955636   0.0006399835  -0.0001794200   0.0010538799
       -0.0000882680   0.0001774884   0.0004418480  -0.0000014622  -0.0006220945
       -0.0046264701  -0.0014195585  -0.0000551489  -0.0003615254  -0.0000081673
        0.0177835131  -0.1154231340  -0.2037287667   0.0000976244   0.0000570456
       -0.0000092248   0.0016630866  -0.0019767456  -0.0014654207  -0.0204812064
        0.1335560647   0.2336175072   0.0021545361  -0.0135426312  -0.0275563431
       -0.0000395825   0.0000136176   0.0000841830   0.0000556771   0.0000094649
       -0.0000001176  -0.0000305555   0.0000030220  -0.0000643449
       -0.0012568870   0.0005309960  -0.0017423480  -0.0023061377  -0.0039543668
       -0.0021445184  -0.0000073204   0.0004386846  -0.0000095174   0.0037637127
       -0.0120408498   0.0189517518  -0.0000139854  -0.0007982545  -0.0001066390
       -0.0444438637   0.0145489515  -0.0167067845   0.0000228320   0.0001496008
        0.0001028271  -0.0041266193   0.0173241153  -0.0225898102   0.0018874144
       -0.0008023761   0.0021545361   0.0465343133  -0.0154056825   0.0221021595
       -0.0000284603  -0.0000069057   0.0000325122   0.0000698105   0.0000110011
       -0.0000044715  -0.0000948091   0.0000050861  -0.0000396978
        0.0013674371   0.0002960714  -0.0012675882  -0.0033074357  -0.0033766093
       -0.0027146511   0.0002073995   0.0003644493  -0.0000224905  -0.0023076916
       -0.0171573877   0.0188882147  -0.0004165994  -0.0003848092  -0.0001488181
        0.0164462217  -0.1211966738   0.1207450358   0.0001839382  -0.0000081724
        0.0000746825   0.0040697796  -0.0095924120   0.0131296608  -0.0008926820
        0.0101865982  -0.0135426312  -0.0154056825   0.1408142509  -0.1351465736
        0.0000068230   0.0000190021   0.0000080003   0.0000544685  -0.0000265423
        0.0000109686  -0.0000059764   0.0000622350  -0.0000138101
        0.0005654636  -0.0008231364   0.0006140453   0.0001603975  -0.0010410161
       -0.0000955871  -0.0001783004  -0.0004496398  -0.0000056309   0.0004737990
        0.0044465047  -0.0012586113   0.0000556092   0.0003823550  -0.0000068359
       -0.0190797901   0.1168733404  -0.1996219930  -0.0000985284  -0.0000619668
       -0.0000071481  -0.0015621219   0.0016575086  -0.0009744982  -0.0024531646
        0.0141913377  -0.0275563431   0.0221021595  -0.1351465736   0.2288917936
        0.0000326729  -0.0000077891  -0.0000616466  -0.0000555524  -0.0000095194
       -0.0000018603   0.0000373560  -0.0000114053   0.0000843155
       -0.0012626242  -0.0005329214  -0.0017469294  -0.0000070054  -0.0004386388
       -0.0000093700  -0.0022987737   0.0039331194  -0.0021449518  -0.0000158621
        0.0007965509  -0.0001092081   0.0037256190   0.0120250667   0.0189902899
        0.0000223942  -0.0001494702   0.0001028718  -0.0443562091  -0.0142901253
       -0.0164538836   0.0000696799  -0.0000111066  -0.0000044015  -0.0000943590
       -0.0000047632  -0.0000395825  -0.0000284603   0.0000068230   0.0000326729
        0.0464444386   0.0151149022   0.0218156194  -0.0040866664  -0.0172702599
       -0.0226403574   0.0018878286   0.0008208232   0.0022072302
       -0.0013638808   0.0002915177   0.0012662314  -0.0002066260   0.0003625973
        0.0000224246   0.0032956299  -0.0033647382   0.0027228579   0.0004170795
       -0.0003828683   0.0001498578   0.0023422699  -0.0171094518  -0.0189252807
       -0.0001829014  -0.0000084439  -0.0000748328  -0.0161891039  -0.1205963257
       -0.1205748366  -0.0000542023  -0.0000264068  -0.0000110431   0.0000057111
        0.0000618334   0.0000136176  -0.0000069057   0.0000190021  -0.0000077891
        0.0151149022   0.1401227859   0.1349416493  -0.0040472106  -0.0095576202
       -0.0131613337   0.0008752380   0.0101881185   0.0136384775
        0.0005603442   0.0008181482   0.0006174103  -0.0001786662   0.0004487930
       -0.0000054198   0.0001631089   0.0010431482  -0.0000967303   0.0000564251
       -0.0003804287  -0.0000077713   0.0004965113  -0.0044694663  -0.0012761121
       -0.0000988724   0.0000614783  -0.0000068679  -0.0188506932  -0.1166851294
       -0.2002599424  -0.0000555109   0.0000094758  -0.0000018854   0.0000372899
        0.0000111659   0.0000841830   0.0000325122   0.0000080003  -0.0000616466
        0.0218156194   0.1349416493   0.2296247630  -0.0015785412  -0.0017107069
       -0.0010519970  -0.0023995272  -0.0140961277  -0.0275579835
       -0.0061017803   0.0039041934  -0.0000012093   0.0000471313   0.0006330143
        0.0000008357   0.0027779381  -0.0025017569  -0.0000120232  -0.0004832255
       -0.0016398007  -0.0000069021  -0.0253406017  -0.0080407689   0.0001265713
       -0.0005183343   0.0001969283   0.0000028362  -0.2382176016  -0.1020671699
        0.0011934645  -0.0000876190  -0.0000623283  -0.0000005649   0.0000690506
        0.0000522310   0.0000556771   0.0000698105   0.0000544685  -0.0000555524
       -0.0040866664  -0.0040472106  -0.0015785412   0.2758160540   0.1174793488
       -0.0013723482  -0.0039441555  -0.0039611489   0.0016477566
        0.0051741959  -0.0018771586   0.0000075155  -0.0001153656   0.0000078373
       -0.0000007054  -0.0005899111   0.0018777603   0.0000044214   0.0010512206
        0.0005295584   0.0000058153   0.0153481856   0.0090124010  -0.0001104430
        0.0004314792  -0.0000769214  -0.0000013816  -0.1045913047  -0.0984766287
        0.0006015206   0.0000623343   0.0000669171   0.0000000468   0.0000088730
       -0.0000262286   0.0000094649   0.0000110011  -0.0000265423  -0.0000095194
       -0.0172702599  -0.0095576202  -0.0017107069   0.1174793488   0.1079266812
       -0.0007216438  -0.0169997972  -0.0093800554   0.0019256157
       -0.0000098070   0.0000096643   0.0015727153  -0.0000023970   0.0000000814
       -0.0000725610  -0.0000073580  -0.0000180632  -0.0006817675  -0.0000041106
        0.0000008218   0.0004508001  -0.0000364174   0.0000071888   0.0000289494
       -0.0000024645   0.0000009019  -0.0001174608   0.0012079728   0.0005886074
       -0.0438891417  -0.0000002933   0.0000001075  -0.0000004201   0.0000027605
       -0.0000116807  -0.0000001176  -0.0000044715   0.0000109686  -0.0000018603
       -0.0226403574  -0.0131613337  -0.0010519970  -0.0013723482  -0.0007216438
        0.0451481171   0.0228692914   0.0132943798  -0.0013852557
       -0.0012805933  -0.0005321170   0.0017619617  -0.0000040530  -0.0004375566
        0.0000070165  -0.0022674355   0.0038447973   0.0021385470  -0.0000256026
        0.0007924190   0.0001214648   0.0035855829   0.0119064370  -0.0191574604
        0.0000217851  -0.0001471467  -0.0001083849  -0.0440673272  -0.0132937171
        0.0155291774   0.0000691923  -0.0000087538   0.0000028644  -0.0000277813
        0.0000088534  -0.0000305555  -0.0000948091  -0.0000059764   0.0000373560
        0.0018878286   0.0008752380  -0.0023995272  -0.0039441555  -0.0169997972
        0.0228692914   0.0461473685   0.0139973201  -0.0207717513
       -0.0013553615   0.0002669138  -0.0012585204  -0.0002023389   0.0003559941
       -0.0000195850   0.0032458426  -0.0033198507  -0.0027417818   0.0004176967
       -0.0003819182  -0.0001530648   0.0024639553  -0.0168472614   0.0190915147
       -0.0001815595  -0.0000075806   0.0000741494  -0.0151889939  -0.1177115369
        0.1195902635  -0.0000524778  -0.0000263711   0.0000117746  -0.0000088435
        0.0000212685   0.0000030220   0.0000050861   0.0000622350  -0.0000114053
        0.0008208232   0.0101881185  -0.0140961277  -0.0039611489  -0.0093800554
        0.0132943798   0.0139973201   0.1367800443  -0.1337846190
       -0.0005290415  -0.0008007536   0.0006368984   0.0001771690  -0.0004427482
       -0.0000013377  -0.0001768443  -0.0010517102  -0.0000881236  -0.0000543606
        0.0003634819  -0.0000072107  -0.0005990357   0.0046043313  -0.0014012379
        0.0000972949  -0.0000575212  -0.0000095873   0.0180162376   0.1156316318
       -0.2031015546   0.0000557267  -0.0000095178  -0.0000001264  -0.0000306837
       -0.0000028580  -0.0000643449  -0.0000396978  -0.0000138101   0.0000843155
        0.0022072302   0.0136384775  -0.0275579835   0.0016477566   0.0019256157
       -0.0013852557  -0.0207717513  -0.1337846190   0.2328955483
