           1           2  0.13520910096885103     
           1           3  0.13520880127353108     
           1           4   1.0124188542940362     
           2           4   1.8525529935979275     
           1           5   1.0124190246398723     
           3           5   1.8525527083728883     
           4           6  0.99304479203003593     
           5           7  0.99304482852228648     
           6           8  0.98080918472088940     
           6           9  0.95930501119747291     
           6          10  0.95985241649043529     
           7          11  0.95975988343320640     
           7          12  0.98081024119112192     
           7          13  0.95939663534786890     
