           2           3   1.1944780924034386     
           3           4   1.3338658050433918     
           3           5   1.3262752375020466     
           1           6   1.0382633127274044     
           4           7   1.4563508006866051     
           5           7  0.10153102376620121     
           6           7   1.3756228788059772     
           4           8  0.10333021357344507     
           5           8   1.4706118741934215     
           6           8   1.3636316581180308     
           4           9  0.96897361559608586     
           5          10  0.96874851116945770     
           7          11  0.96688325649677687     
           8          12  0.96974373834186811     
           2          13  0.94213105402028974     
           2          14  0.94241625373049875     
           1          15  0.85147858417674083     
