$hessian                                                                        
        0.4486436473   0.0601689478   0.0064829529  -0.0080340580   0.0790638006
        0.0074646248  -0.0323672320  -0.0740150463  -0.0071967227  -0.0394985809
       -0.0225426168  -0.0022792503  -0.2142457360  -0.0614769310  -0.0050247056
       -0.0599531993  -0.0031864364   0.0002420847  -0.0651724514   0.0182017505
       -0.0051257710  -0.0058437860  -0.0053320243  -0.0005608524  -0.0013856281
        0.0035077223  -0.0001502965  -0.0015483191   0.0032347384   0.0002212571
       -0.0029769102  -0.0062801028   0.0017271527  -0.0037664940   0.0060650229
        0.0017909351  -0.0024697238  -0.0053007449   0.0016209810  -0.0113815285
        0.0078919200   0.0007876103
        0.0601689478   0.3306493906   0.0260155123   0.0558490827  -0.0816261487
       -0.0093564423  -0.0641384836  -0.0547762783  -0.0070198207   0.0142250698
       -0.0866696006  -0.0029019958  -0.0772802187  -0.1264031259  -0.0061752051
       -0.0093667174   0.0107838989  -0.0002719612   0.0188781418   0.0114747786
       -0.0014900802  -0.0026877677  -0.0008772693  -0.0003108424   0.0001674827
       -0.0006238241   0.0005850673   0.0007758019  -0.0005014077  -0.0005566806
       -0.0003444977  -0.0006026573   0.0009498004   0.0034676885  -0.0021094427
        0.0000220916  -0.0002299923  -0.0008893581   0.0000212713   0.0005154622
        0.0021710447   0.0004892854
        0.0064829529   0.0260155123   0.0484232872   0.0051794818  -0.0091833376
        0.0182214456  -0.0058457463  -0.0066513717   0.0236015063   0.0012748353
       -0.0032865044  -0.0519814965  -0.0071459833  -0.0068400325  -0.0590622665
       -0.0006752223  -0.0002403707   0.0087928963  -0.0003446247  -0.0010938577
        0.0075620727  -0.0003467223  -0.0001660017   0.0029328218   0.0025239431
        0.0007336168   0.0005291784  -0.0027322774  -0.0006657153   0.0004006240
       -0.0014923712   0.0006586016   0.0002678526   0.0007406281   0.0000626861
        0.0027547304   0.0023578430   0.0001961828   0.0005517731   0.0000232633
        0.0004605919  -0.0029944254
       -0.0080340580   0.0558490827   0.0051794818   0.1081264620   0.0276967021
        0.0028862766  -0.0261497413   0.0096504720   0.0009358233  -0.0800206683
       -0.0421685840  -0.0039374459   0.0041396787  -0.0072359530  -0.0004753695
       -0.0006898693  -0.0392132830  -0.0037738191  -0.0011143228   0.0029532729
       -0.0002326608   0.0028238701   0.0004619367   0.0000596133  -0.0034375913
       -0.0027981209   0.0000452060  -0.0028988131  -0.0023599036  -0.0006248779
       -0.0001042300  -0.0005152458  -0.0000106581   0.0004710200  -0.0001201095
        0.0000953992   0.0000489724  -0.0005067598   0.0002648162   0.0068392910
       -0.0016935068  -0.0004117852
        0.0790638006  -0.0816261487  -0.0091833376   0.0276967021   0.8106971317
        0.0737163458  -0.0054632345   0.0127630077   0.0008739277  -0.0856945979
       -0.6721856122  -0.0574983411  -0.0171220176  -0.0150574571  -0.0012127289
       -0.0114665933  -0.0569677410  -0.0061329695   0.0049043743  -0.0002856965
        0.0005549447   0.0029425169   0.0009810526  -0.0002709729  -0.0053137354
        0.0002118983   0.0006971997  -0.0037198792   0.0009987487  -0.0013636825
       -0.0000583566   0.0010338721   0.0003370603   0.0002551532  -0.0001335090
       -0.0001746522  -0.0002877885   0.0007756024  -0.0005383756   0.0142636558
       -0.0012051491   0.0001955822
        0.0074646248  -0.0093564423   0.0182214456   0.0028862766   0.0737163458
        0.0332815567  -0.0004145174   0.0008893661   0.0032986118  -0.0079567817
       -0.0573877735  -0.0682060312  -0.0016244417  -0.0011134789  -0.0024073958
       -0.0014448669  -0.0070010291   0.0220891475   0.0005743032   0.0000940610
        0.0000295457   0.0004668903   0.0003061119  -0.0008772540   0.0018435948
        0.0017021858  -0.0002331048  -0.0026496143  -0.0020503097  -0.0010571911
       -0.0000757569   0.0000635057   0.0000246240   0.0000116863  -0.0000322871
       -0.0001774033  -0.0000968102   0.0000149337  -0.0000972825   0.0010154130
        0.0001548106  -0.0038892687
       -0.0323672320  -0.0641384836  -0.0058457463  -0.0261497413  -0.0054632345
       -0.0004145174   0.3571568254  -0.0358444613  -0.0042111283   0.0041781808
        0.0045827991   0.0004516177  -0.1024795859  -0.0528840003  -0.0043021755
       -0.0016702363  -0.0024754716  -0.0001316556   0.0053349050   0.0268458650
        0.0037185985   0.0002857347   0.0000915956   0.0000001758   0.0000110987
        0.0004813051   0.0002338308   0.0000490058   0.0004596379  -0.0002386252
       -0.0026152626   0.0038545062  -0.0002339956   0.0008883995  -0.0002816740
       -0.0005272763  -0.0014501850   0.0024884107  -0.0001963948  -0.2011719070
        0.1222832057   0.0116972921
       -0.0740150463  -0.0547762783  -0.0066513717   0.0096504720   0.0127630077
        0.0008893661  -0.0358444613   0.6438120941   0.0530793471   0.0183961659
       -0.0167848521  -0.0012862650  -0.0622511227  -0.4046518549  -0.0307713102
       -0.0031884815   0.0006034227   0.0001480018   0.0156846986  -0.0679170562
        0.0001148117  -0.0003581550   0.0000121691  -0.0000228598   0.0001995844
        0.0006736702   0.0005129952   0.0002469804   0.0006715911  -0.0004173692
        0.0060185680   0.0012801064  -0.0011204920  -0.0028919570  -0.0004420894
       -0.0018783179   0.0016154345   0.0016686054  -0.0027873660   0.1267373200
       -0.1169125357  -0.0098091699
       -0.0071967227  -0.0070198207   0.0236015063   0.0009358233   0.0008739277
        0.0032986118  -0.0042111283   0.0530793471   0.0518822848   0.0017517272
       -0.0013476531  -0.0018498270  -0.0046336185  -0.0304686914  -0.0611310837
       -0.0003273228   0.0000609797   0.0002220203   0.0021214312  -0.0049270530
        0.0102597414  -0.0000179802   0.0000333702  -0.0001605453   0.0001377607
        0.0001363942  -0.0000310161  -0.0000808019   0.0000346295  -0.0001149889
        0.0001458064  -0.0005988059  -0.0000142051  -0.0006773033   0.0004744110
       -0.0012747313  -0.0002100828  -0.0006676605  -0.0010391554   0.0122624118
       -0.0096633748  -0.0236486117
       -0.0394985809   0.0142250698   0.0012748353  -0.0800206683  -0.0856945979
       -0.0079567817   0.0041781808   0.0183961659   0.0017517272   0.3695852438
        0.1685135906   0.0159061755  -0.0892175034  -0.0146683161  -0.0018814625
       -0.1571346173  -0.0592111701  -0.0075288889   0.0080653100  -0.0107517929
        0.0021514613  -0.0259014801  -0.0114107362  -0.0008672759   0.0029897591
       -0.0080287820  -0.0009955375   0.0009106122  -0.0093236450   0.0011460302
        0.0006169791   0.0024685479  -0.0004953153  -0.0013175397   0.0005094020
       -0.0009376212  -0.0003358853   0.0023389775  -0.0008063539   0.0070801900
       -0.0073627135  -0.0007609926
       -0.0225426168  -0.0866696006  -0.0032865044  -0.0421685840  -0.6721856122
       -0.0573877735   0.0045827991  -0.0167848521  -0.0013476531   0.1685135906
        0.8738895346   0.0645746653   0.0266450314   0.0409224667   0.0037656126
       -0.0877394898  -0.1089339301  -0.0055512909  -0.0104868165   0.0019488658
       -0.0012593321   0.0093917230   0.0099161396   0.0016620663  -0.0114309361
       -0.0187498934  -0.0045232030  -0.0145349355  -0.0204672119   0.0027260388
        0.0002913000  -0.0013891622  -0.0001601929  -0.0008266927   0.0006245929
        0.0003807037   0.0003595173  -0.0010293572   0.0005825859  -0.0200538899
       -0.0010919800  -0.0001757228
       -0.0022792503  -0.0029019958  -0.0519814965  -0.0039374459  -0.0574983411
       -0.0682060312   0.0004516177  -0.0012862650  -0.0018498270   0.0159061755
        0.0645746653   0.1945734541   0.0022982718   0.0037427112   0.0001368235
       -0.0081751104  -0.0034423561  -0.0738041094  -0.0016182968  -0.0008019303
        0.0030009989  -0.0005951362  -0.0001809442  -0.0007638613  -0.0209999486
       -0.0171395620  -0.0031448989   0.0201603277   0.0150163185   0.0001598537
       -0.0001066725   0.0001381113   0.0002941543  -0.0000844893   0.0003194598
        0.0010167642   0.0008862305  -0.0003213461   0.0002619947  -0.0019062732
       -0.0002185253   0.0003061809
       -0.2142457360  -0.0772802187  -0.0071459833   0.0041396787  -0.0171220176
       -0.0016244417  -0.1024795859  -0.0622511227  -0.0046336185  -0.0892175034
        0.0266450314   0.0022982718   0.5540973188   0.0150423958   0.0021871325
        0.0041118279   0.0099314709   0.0002289337  -0.1493515799   0.0589293790
        0.0140169530  -0.0012439083  -0.0011282084   0.0001598232   0.0000741923
       -0.0018465832  -0.0001393755  -0.0000381043  -0.0018157507   0.0001588911
        0.0068514026   0.0070655173  -0.0023741822  -0.0270031916   0.0143351432
       -0.0008319514  -0.0017760421   0.0118507544  -0.0037201229   0.0160812313
        0.0176442094   0.0014196701
       -0.0614769310  -0.1264031259  -0.0068400325  -0.0072359530  -0.0150574571
       -0.0011134789  -0.0528840003  -0.4046518549  -0.0304686914  -0.0146683161
        0.0409224667   0.0037427112   0.0150423958   0.6992067156   0.0445784236
        0.0080557338  -0.0006688163  -0.0003113374   0.0785661705  -0.1171020532
       -0.0128505448   0.0012678325   0.0005700213   0.0000760149  -0.0005366343
       -0.0005958626  -0.0004943385  -0.0004756285  -0.0006499951   0.0003171461
        0.0120294066  -0.0235292533  -0.0012107111  -0.0061180851   0.0110551820
        0.0035049815   0.0126389513  -0.0185958213   0.0051449467   0.0157950578
       -0.0445001460  -0.0040750893
       -0.0050247056  -0.0061752051  -0.0590622665  -0.0004753695  -0.0012127289
       -0.0024073958  -0.0043021755  -0.0307713102  -0.0611310837  -0.0018814625
        0.0037656126   0.0001368235   0.0021871325   0.0445784236   0.1938808177
        0.0008742448  -0.0002069371   0.0016738835   0.0063428123  -0.0041638148
       -0.0717169550   0.0000972813   0.0000297928   0.0006020510  -0.0001665781
       -0.0001208424   0.0002316346  -0.0000508012  -0.0001002476   0.0002794183
        0.0164926377  -0.0147515394  -0.0020053181   0.0041316112  -0.0035388068
       -0.0007050731  -0.0195293731   0.0168560419  -0.0004732645   0.0013047457
       -0.0041884386   0.0006967281
       -0.0599531993  -0.0093667174  -0.0006752223  -0.0006898693  -0.0114665933
       -0.0014448669  -0.0016702363  -0.0031884815  -0.0003273228  -0.1571346173
       -0.0877394898  -0.0081751104   0.0041118279   0.0080557338   0.0008742448
        0.5231363520  -0.0329726581  -0.0005646770  -0.0037736578   0.0011227437
       -0.0003700512  -0.2230171525   0.1165616746  -0.0018780595  -0.0422046518
        0.0138679636   0.0125349766  -0.0395424680   0.0046479071  -0.0004110946
       -0.0000076406  -0.0006350105  -0.0000172629  -0.0001948865   0.0004651592
        0.0000918761   0.0000531672  -0.0004873815   0.0002538172   0.0008870323
        0.0011351500   0.0001087531
       -0.0031864364   0.0107838989  -0.0002403707  -0.0392132830  -0.0569677410
       -0.0070010291  -0.0024754716   0.0006034227   0.0000609797  -0.0592111701
       -0.1089339301  -0.0034423561   0.0099314709  -0.0006688163  -0.0002069371
       -0.0329726581   0.5111629965   0.0066180993  -0.0006890635   0.0022553831
       -0.0002786962   0.1128933283  -0.1180965462  -0.0000117709   0.0102054696
       -0.1114298255  -0.1181833186   0.0005586852  -0.1282026444   0.1223081915
       -0.0002905335  -0.0003893291   0.0002033993   0.0003714150  -0.0000227338
        0.0001618770  -0.0001178211  -0.0004356388   0.0000763199   0.0041960682
        0.0003415040  -0.0000643881
        0.0002420847  -0.0002719612   0.0087928963  -0.0037738191  -0.0061329695
        0.0220891475  -0.0001316556   0.0001480018   0.0002220203  -0.0075288889
       -0.0055512909  -0.0738041094   0.0002289337  -0.0003113374   0.0016738835
       -0.0005646770   0.0066180993   0.4683257933   0.0001054298   0.0001974264
       -0.0007382528  -0.0017224847   0.0003023243  -0.0427232198   0.0120440883
       -0.1187991938  -0.2018180780   0.0008809283   0.1239123317  -0.1822404642
        0.0000869418  -0.0000590238  -0.0000766981   0.0000127711  -0.0000460265
       -0.0001818116  -0.0001933897   0.0000731319  -0.0000372701   0.0003137372
       -0.0000795124   0.0005161632
       -0.0651724514   0.0188781418  -0.0003446247  -0.0011143228   0.0049043743
        0.0005743032   0.0053349050   0.0156846986   0.0021214312   0.0080653100
       -0.0104868165  -0.0016182968  -0.1493515799   0.0785661705   0.0063428123
       -0.0037736578  -0.0006890635   0.0001054298   0.5248040225   0.0355598921
       -0.0069291807  -0.0003693754  -0.0003800288  -0.0000056092   0.0000845974
        0.0005439165   0.0001906175   0.0000480604   0.0005066707  -0.0001421687
       -0.0519057582  -0.0359799610  -0.0282691444  -0.2326693335  -0.1072485302
        0.0377031224  -0.0358011224   0.0036906184  -0.0100526358   0.0018207063
       -0.0035500829   0.0003239439
        0.0182017505   0.0114747786  -0.0010938577   0.0029532729  -0.0002856965
        0.0000940610   0.0268458650  -0.0679170562  -0.0049270530  -0.0107517929
        0.0019488658  -0.0008019303   0.0589293790  -0.1171020532  -0.0041638148
        0.0011227437   0.0022553831   0.0001974264   0.0355598921   0.5098369631
        0.0144561965  -0.0002731465  -0.0000319851   0.0000900964   0.0002322308
       -0.0004555532   0.0000676722   0.0001450077  -0.0004566207  -0.0000386006
       -0.0329795065  -0.1514911812  -0.1261021120  -0.1030488947  -0.1019249545
        0.0155638847   0.0078156439  -0.0876521519   0.1064216225  -0.0047524450
        0.0018012619   0.0002364089
       -0.0051257710  -0.0014900802   0.0075620727  -0.0002326608   0.0005549447
        0.0000295457   0.0037185985   0.0001148117   0.0102597414   0.0021514613
       -0.0012593321   0.0030009989   0.0140169530  -0.0128505448  -0.0717169550
       -0.0003700512  -0.0002786962  -0.0007382528  -0.0069291807   0.0144561965
        0.4601540532   0.0000334536   0.0000021627  -0.0002365332  -0.0001966537
        0.0000519004  -0.0000656336   0.0001844667   0.0001442595  -0.0000440723
       -0.0315795265  -0.1231671779  -0.1560267676   0.0356899724   0.0176225227
       -0.0476105309  -0.0117567590   0.1080235938  -0.2123417477   0.0003956974
       -0.0019245608   0.0077740811
       -0.0058437860  -0.0026877677  -0.0003467223   0.0028238701   0.0029425169
        0.0004668903   0.0002857347  -0.0003581550  -0.0000179802  -0.0259014801
        0.0093917230  -0.0005951362  -0.0012439083   0.0012678325   0.0000972813
       -0.2230171525   0.1128933283  -0.0017224847  -0.0003693754  -0.0002731465
        0.0000334536   0.2566095163  -0.1301481022   0.0019879589  -0.0021793328
        0.0037149146   0.0017701670  -0.0007666861   0.0031429725  -0.0016453872
        0.0000816629  -0.0000211669  -0.0000539378  -0.0000559555   0.0000725963
       -0.0000168313   0.0000549956   0.0000026066   0.0000349605  -0.0004781028
        0.0000598475   0.0000077680
       -0.0053320243  -0.0008772693  -0.0001660017   0.0004619367   0.0009810526
        0.0003061119   0.0000915956   0.0000121691   0.0000333702  -0.0114107362
        0.0099161396  -0.0001809442  -0.0011282084   0.0005700213   0.0000297928
        0.1165616746  -0.1180965462   0.0003023243  -0.0003800288  -0.0000319851
        0.0000021627  -0.1301481022   0.1280663202  -0.0009103977   0.0148552731
       -0.0096453557  -0.0017980081   0.0164577481  -0.0109558416   0.0024105711
        0.0000194479  -0.0000048561   0.0000024702  -0.0000514951   0.0000389858
        0.0000007697  -0.0000122072  -0.0000171712  -0.0000120629   0.0000151261
        0.0000443365  -0.0000201583
       -0.0005608524  -0.0003108424   0.0029328218   0.0000596133  -0.0002709729
       -0.0008772540   0.0000001758  -0.0000228598  -0.0001605453  -0.0008672759
        0.0016620663  -0.0007638613   0.0001598232   0.0000760149   0.0006020510
       -0.0018780595  -0.0000117709  -0.0427232198  -0.0000056092   0.0000900964
       -0.0002365332   0.0019879589  -0.0009103977   0.0423681623   0.0196413081
       -0.0135201662  -0.0004424405  -0.0185287022   0.0132589374  -0.0007871217
        0.0000098271  -0.0000371310   0.0000274489   0.0000122041  -0.0000121225
       -0.0000459993  -0.0000708345   0.0000104036   0.0000152626   0.0000404232
       -0.0000012553   0.0000912285
       -0.0013856281   0.0001674827   0.0025239431  -0.0034375913  -0.0053137354
        0.0018435948   0.0000110987   0.0001995844   0.0001377607   0.0029897591
       -0.0114309361  -0.0209999486   0.0000741923  -0.0005366343  -0.0001665781
       -0.0422046518   0.0102054696   0.0120440883   0.0000845974   0.0002322308
       -0.0001966537  -0.0021793328   0.0148552731   0.0196413081   0.0430676576
       -0.0090106550  -0.0153887721   0.0029276381   0.0006633093   0.0005176877
       -0.0001300026  -0.0000214908  -0.0000033960   0.0000587952  -0.0000006839
       -0.0000234892  -0.0000659605  -0.0000254876  -0.0000303847   0.0001894288
        0.0000162732   0.0001008398
        0.0035077223  -0.0006238241   0.0007336168  -0.0027981209   0.0002118983
        0.0017021858   0.0004813051   0.0006736702   0.0001363942  -0.0080287820
       -0.0187498934  -0.0171395620  -0.0018465832  -0.0005958626  -0.0001208424
        0.0138679636  -0.1114298255  -0.1187991938   0.0005439165  -0.0004555532
        0.0000519004   0.0037149146  -0.0096453557  -0.0135201662  -0.0090106550
        0.1314196852   0.1337213568  -0.0003210254   0.0092433069   0.0132705697
        0.0000926467   0.0001883943  -0.0000170637  -0.0000052220  -0.0000516068
       -0.0000501283   0.0000325224   0.0001185483  -0.0000191570  -0.0002306027
       -0.0003035818   0.0000500896
       -0.0001502965   0.0005850673   0.0005291784   0.0000452060   0.0006971997
       -0.0002331048   0.0002338308   0.0005129952  -0.0000310161  -0.0009955375
       -0.0045232030  -0.0031448989  -0.0001393755  -0.0004943385   0.0002316346
        0.0125349766  -0.1181833186  -0.2018180780   0.0001906175   0.0000676722
       -0.0000656336   0.0017701670  -0.0017980081  -0.0004424405  -0.0153887721
        0.1337213568   0.2315786908   0.0017767142  -0.0106118161  -0.0266111792
       -0.0000104093   0.0000342285   0.0000787897   0.0000548146  -0.0000022321
       -0.0000038583  -0.0000356232  -0.0000006811  -0.0000660984   0.0001136873
       -0.0000049222  -0.0000019859
       -0.0015483191   0.0007758019  -0.0027322774  -0.0028988131  -0.0037198792
       -0.0026496143   0.0000490058   0.0002469804  -0.0000808019   0.0009106122
       -0.0145349355   0.0201603277  -0.0000381043  -0.0004756285  -0.0000508012
       -0.0395424680   0.0005586852   0.0008809283   0.0000480604   0.0001450077
        0.0001844667  -0.0007666861   0.0164577481  -0.0185287022   0.0029276381
       -0.0003210254   0.0017767142   0.0407958906   0.0009168420   0.0010128512
       -0.0000814751  -0.0000237205   0.0000835436   0.0000523313   0.0000197939
        0.0000409144  -0.0000632008  -0.0000580703  -0.0000035126   0.0001555281
        0.0000124001  -0.0000940365
        0.0032347384  -0.0005014077  -0.0006657153  -0.0023599036   0.0009987487
       -0.0020503097   0.0004596379   0.0006715911   0.0000346295  -0.0093236450
       -0.0204672119   0.0150163185  -0.0018157507  -0.0006499951  -0.0001002476
        0.0046479071  -0.1282026444   0.1239123317   0.0005066707  -0.0004566207
        0.0001442595   0.0031429725  -0.0109558416   0.0132589374   0.0006633093
        0.0092433069  -0.0106118161   0.0009168420   0.1502531724  -0.1386955444
        0.0000927492   0.0001804128  -0.0000545625  -0.0000009938  -0.0000478185
       -0.0000188063   0.0000606571   0.0001406268  -0.0000582602  -0.0002251910
       -0.0002063190  -0.0001112143
        0.0002212571  -0.0005566806   0.0004006240  -0.0006248779  -0.0013636825
       -0.0010571911  -0.0002386252  -0.0004173692  -0.0001149889   0.0011460302
        0.0027260388   0.0001598537   0.0001588911   0.0003171461   0.0002794183
       -0.0004110946   0.1223081915  -0.1822404642  -0.0001421687  -0.0000386006
       -0.0000440723  -0.0016453872   0.0024105711  -0.0007871217   0.0005176877
        0.0132705697  -0.0266111792   0.0010128512  -0.1386955444   0.2100379239
        0.0000571085   0.0000038398  -0.0000643770  -0.0000424104  -0.0000142085
       -0.0000004582  -0.0000074171  -0.0000082333   0.0000394028  -0.0000018446
        0.0000579622   0.0000026298
       -0.0029769102  -0.0003444977  -0.0014923712  -0.0001042300  -0.0000583566
       -0.0000757569  -0.0026152626   0.0060185680   0.0001458064   0.0006169791
        0.0002913000  -0.0001066725   0.0068514026   0.0120294066   0.0164926377
       -0.0000076406  -0.0002905335   0.0000869418  -0.0519057582  -0.0329795065
       -0.0315795265   0.0000816629   0.0000194479   0.0000098271  -0.0001300026
        0.0000926467  -0.0000104093  -0.0000814751   0.0000927492   0.0000571085
        0.0517525610   0.0337624333   0.0368227771  -0.0044756158  -0.0172270103
       -0.0162698423   0.0026526373  -0.0018604468  -0.0029548756   0.0003416521
        0.0004537997  -0.0011256442
       -0.0062801028  -0.0006026573   0.0006586016  -0.0005152458   0.0010338721
        0.0000635057   0.0038545062   0.0012801064  -0.0005988059   0.0024685479
       -0.0013891622   0.0001381113   0.0070655173  -0.0235292533  -0.0147515394
       -0.0006350105  -0.0003893291  -0.0000590238  -0.0359799610  -0.1514911812
       -0.1231671779  -0.0000211669  -0.0000048561  -0.0000371310  -0.0000214908
        0.0001883943   0.0000342285  -0.0000237205   0.0001804128   0.0000038398
        0.0337624333   0.1774489218   0.1396879043  -0.0050951006  -0.0094363560
       -0.0091293435   0.0010798562   0.0083471443   0.0065146017   0.0003409378
       -0.0016360566   0.0006422285
        0.0017271527   0.0009498004   0.0002678526  -0.0000106581   0.0003370603
        0.0000246240  -0.0002339956  -0.0011204920  -0.0000142051  -0.0004953153
       -0.0001601929   0.0002941543  -0.0023741822  -0.0012107111  -0.0020053181
       -0.0000172629   0.0002033993  -0.0000766981  -0.0282691444  -0.1261021120
       -0.1560267676  -0.0000539378   0.0000024702   0.0000274489  -0.0000033960
       -0.0000170637   0.0000787897   0.0000835436  -0.0000545625  -0.0000643770
        0.0368227771   0.1396879043   0.1790383996  -0.0008177988   0.0019538371
        0.0034626508  -0.0058487900  -0.0151695232  -0.0251787057  -0.0005089922
        0.0007001857   0.0001721516
       -0.0037664940   0.0034676885   0.0007406281   0.0004710200   0.0002551532
        0.0000116863   0.0008883995  -0.0028919570  -0.0006773033  -0.0013175397
       -0.0008266927  -0.0000844893  -0.0270031916  -0.0061180851   0.0041316112
       -0.0001948865   0.0003714150   0.0000127711  -0.2326693335  -0.1030488947
        0.0356899724  -0.0000559555  -0.0000514951   0.0000122041   0.0000587952
       -0.0000052220   0.0000548146   0.0000523313  -0.0000009938  -0.0000424104
       -0.0044756158  -0.0050951006  -0.0008177988   0.2673921699   0.1168128550
       -0.0411613158   0.0003604581  -0.0027390258   0.0024103144   0.0002598426
       -0.0001296451  -0.0002806843
        0.0060650229  -0.0021094427   0.0000626861  -0.0001201095  -0.0001335090
       -0.0000322871  -0.0002816740  -0.0004420894   0.0004744110   0.0005094020
        0.0006245929   0.0003194598   0.0143351432   0.0110551820  -0.0035388068
        0.0004651592  -0.0000227338  -0.0000460265  -0.1072485302  -0.1019249545
        0.0176225227   0.0000725963   0.0000389858  -0.0000121225  -0.0000006839
       -0.0000516068  -0.0000022321   0.0000197939  -0.0000478185  -0.0000142085
       -0.0172270103  -0.0094363560   0.0019538371   0.1168128550   0.1092021831
       -0.0221296907  -0.0134082538  -0.0069708860   0.0052541762   0.0000062891
        0.0002184531   0.0000882812
        0.0017909351   0.0000220916   0.0027547304   0.0000953992  -0.0001746522
       -0.0001774033  -0.0005272763  -0.0018783179  -0.0012747313  -0.0009376212
        0.0003807037   0.0010167642  -0.0008319514   0.0035049815  -0.0007050731
        0.0000918761   0.0001618770  -0.0001818116   0.0377031224   0.0155638847
       -0.0476105309  -0.0000168313   0.0000007697  -0.0000459993  -0.0000234892
       -0.0000501283  -0.0000038583   0.0000409144  -0.0000188063  -0.0000004582
       -0.0162698423  -0.0091293435   0.0034626508  -0.0411613158  -0.0221296907
        0.0483690740   0.0203088467   0.0133646964  -0.0055824568  -0.0002627664
        0.0003819343  -0.0000208968
       -0.0024697238  -0.0002299923   0.0023578430   0.0000489724  -0.0002877885
       -0.0000968102  -0.0014501850   0.0016154345  -0.0002100828  -0.0003358853
        0.0003595173   0.0008862305  -0.0017760421   0.0126389513  -0.0195293731
        0.0000531672  -0.0001178211  -0.0001933897  -0.0358011224   0.0078156439
       -0.0117567590   0.0000549956  -0.0000122072  -0.0000708345  -0.0000659605
        0.0000325224  -0.0000356232  -0.0000632008   0.0000606571  -0.0000074171
        0.0026526373   0.0010798562  -0.0058487900   0.0003604581  -0.0134082538
        0.0203088467   0.0385969128  -0.0097334760   0.0130323360   0.0001949765
        0.0001869562   0.0011638234
       -0.0053007449  -0.0008893581   0.0001961828  -0.0005067598   0.0007756024
        0.0000149337   0.0024884107   0.0016686054  -0.0006676605   0.0023389775
       -0.0010293572  -0.0003213461   0.0118507544  -0.0185958213   0.0168560419
       -0.0004873815  -0.0004356388   0.0000731319   0.0036906184  -0.0876521519
        0.1080235938   0.0000026066  -0.0000171712   0.0000104036  -0.0000254876
        0.0001185483  -0.0000006811  -0.0000580703   0.0001406268  -0.0000082333
       -0.0018604468   0.0083471443  -0.0151695232  -0.0027390258  -0.0069708860
        0.0133646964  -0.0097334760   0.1055633941  -0.1206612345   0.0003400251
       -0.0010235368  -0.0017103056
        0.0016209810   0.0000212713   0.0005517731   0.0002648162  -0.0005383756
       -0.0000972825  -0.0001963948  -0.0027873660  -0.0010391554  -0.0008063539
        0.0005825859   0.0002619947  -0.0037201229   0.0051449467  -0.0004732645
        0.0002538172   0.0000763199  -0.0000372701  -0.0100526358   0.1064216225
       -0.2123417477   0.0000349605  -0.0000120629   0.0000152626  -0.0000303847
       -0.0000191570  -0.0000660984  -0.0000035126  -0.0000582602   0.0000394028
       -0.0029548756   0.0065146017  -0.0251787057   0.0024103144   0.0052541762
       -0.0055824568   0.0130323360  -0.1206612345   0.2443400841   0.0001470551
        0.0000609321  -0.0003925361
       -0.0113815285   0.0005154622   0.0000232633   0.0068392910   0.0142636558
        0.0010154130  -0.2011719070   0.1267373200   0.0122624118   0.0070801900
       -0.0200538899  -0.0019062732   0.0160812313   0.0157950578   0.0013047457
        0.0008870323   0.0041960682   0.0003137372   0.0018207063  -0.0047524450
        0.0003956974  -0.0004781028   0.0000151261   0.0000404232   0.0001894288
       -0.0002306027   0.0001136873   0.0001555281  -0.0002251910  -0.0000018446
        0.0003416521   0.0003409378  -0.0005089922   0.0002598426   0.0000062891
       -0.0002627664   0.0001949765   0.0003400251   0.0001470551   0.1791816593
       -0.1369478136  -0.0129365578
        0.0078919200   0.0021710447   0.0004605919  -0.0016935068  -0.0012051491
        0.0001548106   0.1222832057  -0.1169125357  -0.0096633748  -0.0073627135
       -0.0010919800  -0.0002185253   0.0176442094  -0.0445001460  -0.0041884386
        0.0011351500   0.0003415040  -0.0000795124  -0.0035500829   0.0018012619
       -0.0019245608   0.0000598475   0.0000443365  -0.0000012553   0.0000162732
       -0.0003035818  -0.0000049222   0.0000124001  -0.0002063190   0.0000579622
        0.0004537997  -0.0016360566   0.0007001857  -0.0001296451   0.0002184531
        0.0003819343   0.0001869562  -0.0010235368   0.0000609321  -0.1369478136
        0.1623027051   0.0142641724
        0.0007876103   0.0004892854  -0.0029944254  -0.0004117852   0.0001955822
       -0.0038892687   0.0116972921  -0.0098091699  -0.0236486117  -0.0007609926
       -0.0001757228   0.0003061809   0.0014196701  -0.0040750893   0.0006967281
        0.0001087531  -0.0000643881   0.0005161632   0.0003239439   0.0002364089
        0.0077740811   0.0000077680  -0.0000201583   0.0000912285   0.0001008398
        0.0000500896  -0.0000019859  -0.0000940365  -0.0001112143   0.0000026298
       -0.0011256442   0.0006422285   0.0001721516  -0.0002806843   0.0000882812
       -0.0000208968   0.0011638234  -0.0017103056  -0.0003925361  -0.0129365578
        0.0142641724   0.0213885614
