           1           2  0.10367659781125484     
           1           3  0.11711716865545094     
           1           4  0.92575110123452120     
           2           4   1.7957777609345129     
           1           5   1.2228271664112118     
           3           5   1.4446937878301103     
           4           6   1.0734500778432103     
           5           7   1.0948620699639606     
           6           8  0.96502571091846412     
           6           9  0.91521372074554130     
           6          10  0.90605402684212444     
           7          11  0.91205274202023379     
           7          12  0.95375141321635426     
           7          13  0.86779140445834391     
           3          14  0.72565744463573478     
