           2           4   2.0396854837735021     
           1           5  0.96653702289542331     
           3           5  0.98404843202820103     
           4           6   1.0868123093295445     
           5           7  0.97233881057857374     
           6           8  0.92304195843863779     
           6           9  0.94325126651781177     
           6          10  0.94757921980139093     
           7          11  0.97982764794166244     
           7          12  0.98471043199187580     
           3          14  0.83926530110558650     
          13          15  0.84615910265072358     
           5          16  0.97576200516467060     
          16          17   1.1201997617986028     
          17          18   1.3526708999604657     
          17          19   1.3455233947260106     
          15          20   1.0548736124395934     
          18          21   1.4581956672775112     
          19          21  0.10155119377168027     
          20          21   1.3701327928856135     
          18          22  0.10440801247616086     
          19          22   1.4643700807494584     
          20          22   1.3643728349899287     
          18          23  0.96635921515400747     
          19          24  0.96487574915649910     
          21          25  0.96591709575610163     
          22          26  0.96843404749022532     
           7          27  0.98201345923627403     
           4          28  0.13427919155557824     
          16          28  0.79670493516488528     
           1          29  0.84356245457060886     
