$hessian                                                                        
        0.5142242628  -0.0676022999   0.0000949296   0.0121647237  -0.0486720589
        0.0000051452  -0.0198748375   0.0389039108  -0.0000199897  -0.0958084129
        0.0347342504  -0.0000079690   0.0003157589   0.0008862115  -0.0001126785
        0.0003411564   0.0008867912   0.0001166572  -0.0078421616   0.0024987281
        0.0000019931  -0.4035204897   0.0383644666  -0.0000780879
       -0.0676022999   0.4208555456  -0.0000154816  -0.0346252947  -0.0988311396
        0.0000006792   0.0242413995  -0.0197146284  -0.0000394378   0.0121547312
       -0.2514239214   0.0000082190   0.0001551936  -0.0016921037  -0.0010519586
        0.0001415626  -0.0016680702   0.0010863522   0.0035848532   0.0001609062
       -0.0000000067   0.0619498544  -0.0476865884   0.0000116342
        0.0000949296  -0.0000154816   0.0368158026   0.0000096411   0.0000084715
        0.0259430418  -0.0000128722  -0.0000141688   0.0064557629  -0.0000131513
       -0.0000028659  -0.0548957214  -0.0014264663   0.0006621367   0.0006605436
        0.0014291826  -0.0006456067   0.0006511443   0.0000010490   0.0000058422
        0.0012526850  -0.0000823124   0.0000016725  -0.0168832587
        0.0121647237  -0.0346252947   0.0000096411   0.5106012046   0.3820451566
       -0.0000202485  -0.0504594750  -0.0352950550   0.0000044048  -0.4625704734
       -0.3090734781   0.0000199926  -0.0062659577   0.0010306411  -0.0006844898
       -0.0063738384   0.0010659002   0.0006768145   0.0035928769  -0.0016766350
       -0.0000049994  -0.0006890606  -0.0034712349  -0.0000011152
       -0.0486720589  -0.0988311396   0.0000084715   0.3820451566   0.4369129941
       -0.0000363715  -0.0084746862   0.0013077385   0.0000375220  -0.3244376524
       -0.3447471728   0.0000266607   0.0005682291   0.0006262507  -0.0007297283
        0.0005693824   0.0006534710   0.0007192745  -0.0001826446   0.0013189987
       -0.0000248278  -0.0014157259   0.0027588594  -0.0000010012
        0.0000051452   0.0000006792   0.0259430418  -0.0000202485  -0.0000363715
        0.0261474023  -0.0000040197   0.0000336866   0.0203167636   0.0000331126
        0.0000306748  -0.0660790247  -0.0032190577   0.0000936179  -0.0000575115
        0.0031844519  -0.0001118649  -0.0000499952   0.0000194994  -0.0000101140
       -0.0007815739   0.0000011169  -0.0000003081  -0.0054391024
       -0.0198748375   0.0242413995  -0.0000128722  -0.0504594750  -0.0084746862
       -0.0000040197   0.4570074554   0.0103174046   0.0002041156  -0.1777346526
        0.0217947268  -0.0000160442  -0.0809238520  -0.0387828273   0.0849100544
       -0.0814898877  -0.0401138885  -0.0848386717  -0.0471425867   0.0307027660
       -0.0002336819   0.0006178361   0.0003151050  -0.0000088804
        0.0389039108  -0.0197146284  -0.0000141688  -0.0352950550   0.0013077385
        0.0000336866   0.0103174046   0.5508760985  -0.0000271756   0.0372096508
       -0.0700109434  -0.0000009815  -0.0405169317  -0.0815861078   0.0806705292
       -0.0418416046  -0.0837698415  -0.0820836307   0.0278096893  -0.2902830605
        0.0014273188   0.0034129358  -0.0068192553  -0.0000055780
       -0.0000199897  -0.0000394378   0.0064557629   0.0000044048   0.0000375220
        0.0203167636   0.0002041156  -0.0000271756   0.4892599358  -0.0001488180
        0.0000308771  -0.0740168507   0.0890517766   0.0810124914  -0.2029391493
       -0.0888691969  -0.0824638009  -0.2004054998  -0.0002111327   0.0014367827
       -0.0437612923  -0.0000111596   0.0000127409   0.0050903298
       -0.0958084129   0.0121547312  -0.0000131513  -0.4625704734  -0.3244376524
        0.0000331126  -0.1777346526   0.0372096508  -0.0001488180   0.7830813429
        0.2286269451  -0.0000080644  -0.0172944181  -0.0021898191   0.0040284039
       -0.0173198059  -0.0022699599  -0.0039236087  -0.0045740900   0.0051061406
        0.0000250066  -0.0077794901   0.0457999638   0.0000071192
        0.0347342504  -0.2514239214  -0.0000028659  -0.3090734781  -0.3447471728
        0.0000306748   0.0217947268  -0.0700109434   0.0000308771   0.2286269451
        0.6794774043  -0.0000422347  -0.0120670246   0.0037767654   0.0022924642
       -0.0123831983   0.0037959109  -0.0023464748   0.0300002151  -0.0113496624
        0.0000385256   0.0183675635  -0.0095183806  -0.0000009663
       -0.0000079690   0.0000082190  -0.0548957214   0.0000199926   0.0000266607
       -0.0660790247  -0.0000160442  -0.0000009815  -0.0740168507  -0.0000080644
       -0.0000422347   0.1945700997   0.0269457438  -0.0049003261  -0.0015376736
       -0.0267382214   0.0048489043  -0.0015032852  -0.0001904545   0.0000516328
        0.0000393911  -0.0000049830   0.0000081255   0.0034230647
        0.0003157589   0.0001551936  -0.0014264663  -0.0062659577   0.0005682291
       -0.0032190577  -0.0809238520  -0.0405169317   0.0890517766  -0.0172944181
       -0.0120670246   0.0269457438   0.0948832696   0.0475729724  -0.0982660958
        0.0066374593   0.0041834490  -0.0102194709   0.0021632160   0.0003393565
       -0.0021516577   0.0004845241  -0.0002352443  -0.0007147720
        0.0008862115  -0.0016921037   0.0006621367   0.0010306411   0.0006262507
        0.0000936179  -0.0387828273  -0.0815861078   0.0810124914  -0.0021898191
        0.0037767654  -0.0049003261   0.0475729724   0.0888910628  -0.0933704437
        0.0042807207   0.0054041639  -0.0100771307  -0.0128571162  -0.0155563046
        0.0264916941   0.0000592170   0.0001362733   0.0000879604
       -0.0001126785  -0.0010519586   0.0006605436  -0.0006844898  -0.0007297283
       -0.0000575115   0.0849100544   0.0806705292  -0.2029391493   0.0040284039
        0.0022924642  -0.0015376736  -0.0982660958  -0.0933704437   0.2328242078
        0.0100620783   0.0096469035  -0.0275716230   0.0006489075   0.0023889675
       -0.0013940810  -0.0005861801   0.0001532663   0.0000152871
        0.0003411564   0.0001415626   0.0014291826  -0.0063738384   0.0005693824
        0.0031844519  -0.0814898877  -0.0418416046  -0.0888691969  -0.0173198059
       -0.0123831983  -0.0267382214   0.0066374593   0.0042807207   0.0100620783
        0.0955521154   0.0491184331   0.0980911283   0.0021570483   0.0003618128
        0.0021414960   0.0004957527  -0.0002471087   0.0006990812
        0.0008867912  -0.0016680702  -0.0006456067   0.0010659002   0.0006534710
       -0.0001118649  -0.0401138885  -0.0837698415  -0.0824638009  -0.0022699599
        0.0037959109   0.0048489043   0.0041834490   0.0054041639   0.0096469035
        0.0491184331   0.0913386923   0.0950547696  -0.0129351526  -0.0158913089
       -0.0262514513   0.0000644275   0.0001369825  -0.0000778536
        0.0001166572   0.0010863522   0.0006511443   0.0006768145   0.0007192745
       -0.0000499952  -0.0848386717  -0.0820836307  -0.2004054998  -0.0039236087
       -0.0023464748  -0.0015032852  -0.0102194709  -0.0100771307  -0.0275716230
        0.0980911283   0.0950547696   0.2299003547  -0.0004912393  -0.0021973419
       -0.0010388902   0.0005883906  -0.0001558182   0.0000177944
       -0.0078421616   0.0035848532   0.0000010490   0.0035928769  -0.0001826446
        0.0000194994  -0.0471425867   0.0278096893  -0.0002111327  -0.0045740900
        0.0300002151  -0.0001904545   0.0021632160  -0.0128571162   0.0006489075
        0.0021570483  -0.0129351526  -0.0004912393   0.0524158188  -0.0373769779
        0.0002143077  -0.0007701217   0.0019571337   0.0000090630
        0.0024987281   0.0001609062   0.0000058422  -0.0016766350   0.0013189987
       -0.0000101140   0.0307027660  -0.2902830605   0.0014367827   0.0051061406
       -0.0113496624   0.0000516328   0.0003393565  -0.0155563046   0.0023889675
        0.0003618128  -0.0158913089  -0.0021973419  -0.0373769779   0.3320749173
       -0.0016758696   0.0000448089  -0.0004744858   0.0000001002
        0.0000019931  -0.0000000067   0.0012526850  -0.0000049994  -0.0000248278
       -0.0007815739  -0.0002336819   0.0014273188  -0.0437612923   0.0000250066
        0.0000385256   0.0000393911  -0.0021516577   0.0264916941  -0.0013940810
        0.0021414960  -0.0262514513  -0.0010388902   0.0002143077  -0.0016758696
        0.0452248536   0.0000075356  -0.0000053832   0.0004589077
       -0.4035204897   0.0619498544  -0.0000823124  -0.0006890606  -0.0014157259
        0.0000011169   0.0006178361   0.0034129358  -0.0000111596  -0.0077794901
        0.0183675635  -0.0000049830   0.0004845241   0.0000592170  -0.0005861801
        0.0004957527   0.0000644275   0.0005883906  -0.0007701217   0.0000448089
        0.0000075356   0.4111610492  -0.0824830812   0.0000875920
        0.0383644666  -0.0476865884   0.0000016725  -0.0034712349   0.0027588594
       -0.0000003081   0.0003151050  -0.0068192553   0.0000127409   0.0457999638
       -0.0095183806   0.0000081255  -0.0002352443   0.0001362733   0.0001532663
       -0.0002471087   0.0001369825  -0.0001558182   0.0019571337  -0.0004744858
       -0.0000053832  -0.0824830812   0.0614665949  -0.0000142958
       -0.0000780879   0.0000116342  -0.0168832587  -0.0000011152  -0.0000010012
       -0.0054391024  -0.0000088804  -0.0000055780   0.0050903298   0.0000071192
       -0.0000009663   0.0034230647  -0.0007147720   0.0000879604   0.0000152871
        0.0006990812  -0.0000778536   0.0000177944   0.0000090630   0.0000001002
        0.0004589077   0.0000875920  -0.0000142958   0.0133169774
