           2           3   1.1647566824740478     
           3           4   1.3455134424380590     
           3           5   1.3349906656306514     
           1           6   1.0477213856265712     
           4           7   1.4514109626292577     
           5           7  0.10254247963196605     
           6           7   1.3771930181880510     
           4           8  0.10482305197647268     
           5           8   1.4703925688935189     
           6           8   1.3612412132163059     
           4           9  0.96921154238594109     
           5          10  0.96880157251929555     
           7          11  0.96693175558993671     
           8          12  0.96880582359732637     
           2          13  0.95775314641876674     
           2          14  0.95756879409167617     
           1          15  0.89445109543583889     
