           1           2  0.12739077937928189     
           1           3  0.12739049555833093     
           1           4   1.0237467202730133     
           2           4   1.7842348877489544     
           1           5   1.0237472466596205     
           3           5   1.7842343538769536     
           4           6   1.0162960120175359     
           5           7   1.0162960205722706     
           6           8  0.97571287016374375     
           6           9  0.94089086004643741     
           6          10  0.94161475928008065     
           7          11  0.94148996023406428     
           7          12  0.97571434770846488     
           7          13  0.94101422309946825     
