           2           3  0.16761736379104697     
           3           4   1.0669211863229751     
           4           5   1.3736793130496052     
           4           6   1.3605657341745512     
           5           7   1.4515883942819152     
           6           7  0.10235018735974494     
           5           8  0.10502664143760557     
           6           8   1.4693572838398936     
           1           9   1.0684299103585639     
           7           9   1.3743775321641536     
           8           9   1.3565329361515595     
           2          10   1.7127836674433208     
           3          10   1.1988997954943428     
          10          11  0.97791239881896141     
           5          12  0.95915495303444465     
           6          13  0.96661003506885979     
           3          14  0.93725608436526586     
           7          15  0.96608345241166016     
           8          16  0.96801312918518367     
          11          17  0.97061419660777593     
          11          18  0.98345085727539938     
          11          19  0.97157081166526893     
           1          20  0.88932006432611532     
