           2           3  0.90594140816512492     
           3           4   1.4023207308710879     
           3           5   1.3958593189864787     
           1           6   1.1076601303220877     
           4           7   1.4571222614049080     
           6           7   1.3559547350759891     
           4           8  0.10308787079909411     
           5           8   1.4659126223860082     
           6           8   1.3469899965391867     
           4           9  0.95838951531340566     
           5          10  0.95935033928561819     
           7          11  0.96316951067225143     
           8          12  0.96544592431587373     
           1          15  0.83277564721231112     
          16          17  0.13024657474872453     
          14          18  0.77887536515802114     
          16          19   1.0631163061962694     
          17          19   1.6387624562132352     
           2          20  0.96752282052183070     
          16          20   1.0904127715577616     
          18          20   1.2413437868436845     
          13          21  0.95532309436978191     
          19          21   1.0305380422277242     
           2          22  0.81767664230331782     
          21          23  0.92943397111968551     
          21          24  0.97081162451019132     
           2          25  0.86756098705835694     
