$hessian                                                                        
        0.3944651369   0.0000010386  -0.0001746327  -0.0283079912   0.0763922477
        0.0000509327  -0.0283043709  -0.0763910322   0.0000432770  -0.0996606051
        0.0090571361   0.0000569518  -0.0996597375  -0.0090574357   0.0000571043
       -0.0591951231  -0.0070342400  -0.0000756166  -0.0591951773   0.0070330505
       -0.0000452086  -0.0065851106  -0.0054070968   0.0000017491  -0.0017527971
        0.0021877787  -0.0006016478  -0.0017328616   0.0022073430   0.0006523909
       -0.0017366784  -0.0022037485   0.0006442950  -0.0065854055   0.0054070297
        0.0000000499  -0.0017492788  -0.0021920711  -0.0006096452
        0.0000010386   0.3314673852   0.0000130591   0.0650627413  -0.0649411333
       -0.0000870127  -0.0650616712  -0.0649445765   0.0000767042   0.0392020253
       -0.1086078438  -0.0000269588  -0.0392019970  -0.1086092371   0.0000222259
       -0.0172180952   0.0098077479   0.0000426337   0.0172162956   0.0098084716
       -0.0000283957  -0.0036740344  -0.0018133793  -0.0000114079   0.0003208938
       -0.0000977093   0.0006164179   0.0003213227  -0.0000794350  -0.0006405565
       -0.0003218951  -0.0000814109   0.0006362166   0.0036739250  -0.0018132663
        0.0000080208  -0.0003205495  -0.0000956132  -0.0006209467
       -0.0001746327   0.0000130591   0.0427935643   0.0000535503  -0.0000898902
        0.0204444458   0.0000476978   0.0000771556   0.0204448532   0.0000408696
       -0.0000001978  -0.0546153712   0.0000406329   0.0000004852  -0.0546158778
       -0.0000360343   0.0000251566   0.0097979072  -0.0000179680  -0.0000151713
        0.0097975533   0.0000001252  -0.0000151287   0.0019680329   0.0020233305
        0.0010492871   0.0005121683  -0.0019964148  -0.0010650574   0.0004960984
       -0.0020007942   0.0010627868   0.0004986491   0.0000007048   0.0000090900
        0.0019681423   0.0020189329  -0.0010515749   0.0005098341
       -0.0283079912   0.0650627413   0.0000535503   0.0996981666  -0.0774238067
       -0.0001538666  -0.0088543157   0.0003173642   0.0000996072  -0.0741914004
        0.0469575873   0.0000418191   0.0093752633  -0.0003344439  -0.0000052303
        0.0055646349  -0.0294780070   0.0000176803  -0.0014358492   0.0013239641
       -0.0000194996   0.0025082834   0.0005803849  -0.0000067801  -0.0021797232
       -0.0030793544  -0.0000779413  -0.0022129087  -0.0031393663   0.0000815134
       -0.0000159402  -0.0003206993  -0.0001626221   0.0000581538  -0.0001509831
       -0.0000148973  -0.0000063734  -0.0003153812   0.0001466668
        0.0763922477  -0.0649411333  -0.0000898902  -0.0774238067   0.8179323259
        0.0006650999  -0.0003193379   0.0072746795  -0.0000068839   0.0214236947
       -0.6866574385  -0.0005209749  -0.0139035769  -0.0120941650   0.0000096312
       -0.0039718027  -0.0592942359  -0.0001551895   0.0038955910   0.0001705479
        0.0000063726   0.0026608611   0.0017901490   0.0000355828  -0.0044307777
       -0.0024472189   0.0008921934  -0.0045573122  -0.0025063268  -0.0008370419
       -0.0002036963   0.0004180653   0.0003693300   0.0006418863  -0.0000616410
       -0.0000022541  -0.0002039705   0.0004163919  -0.0003659753
        0.0000509327  -0.0000870127   0.0204444458  -0.0001538666   0.0006650999
        0.0228981435   0.0001001695   0.0000059505   0.0021758584   0.0000239062
       -0.0004692160  -0.0629813925  -0.0000044698  -0.0000066151  -0.0032793362
        0.0000211160  -0.0001503037   0.0224497699   0.0000036315   0.0000044533
       -0.0002460301  -0.0000262288  -0.0000155939  -0.0008876368   0.0020412531
        0.0025330642  -0.0002707223  -0.0020543542  -0.0024801095  -0.0002623362
        0.0000212501  -0.0000473242   0.0000099078   0.0000013466   0.0000001930
       -0.0000628915  -0.0000246864   0.0000474142   0.0000122200
       -0.0283043709  -0.0650616712   0.0000476978  -0.0088543157  -0.0003193379
        0.0001001695   0.0996968846   0.0774048694  -0.0001465559   0.0093749718
        0.0003350427  -0.0000031936  -0.0741902908  -0.0469417572   0.0000309152
       -0.0014358761  -0.0013237246  -0.0000228104   0.0055637495   0.0294795013
        0.0000126165   0.0000581824   0.0001511326  -0.0000139010  -0.0000063228
        0.0003153217   0.0001468358  -0.0000160976   0.0003208837  -0.0001622308
       -0.0022065062   0.0031294281   0.0000837829   0.0025066299  -0.0005787358
        0.0000022526  -0.0021866381   0.0030890470  -0.0000755786
       -0.0763910322  -0.0649445765   0.0000771556   0.0003173642   0.0072746795
        0.0000059505   0.0774048694   0.8179342178  -0.0004907135   0.0139040810
       -0.0120937291  -0.0000101711  -0.0214078614  -0.6866568481   0.0003802110
       -0.0038956355   0.0001705320  -0.0000082163   0.0039729643  -0.0592942382
        0.0001056573  -0.0006418689  -0.0000614726   0.0000034367   0.0002044310
        0.0004146827   0.0003668377   0.0002031632   0.0004200262  -0.0003685328
        0.0045368139  -0.0024965511   0.0008460266  -0.0026588688   0.0017895614
       -0.0000242121   0.0044515798  -0.0024562839  -0.0008834297
        0.0000432770   0.0000767042   0.0204448532   0.0000996072  -0.0000068839
        0.0021758584  -0.0001465559  -0.0004907135   0.0229005954  -0.0000019671
        0.0000038891  -0.0032770615   0.0000197827   0.0003312461  -0.0629853196
        0.0000035409  -0.0000048688  -0.0002457937   0.0000107633   0.0001123071
        0.0224508222   0.0000022678   0.0000006714  -0.0000637443  -0.0000260785
       -0.0000470184   0.0000105436   0.0000205493   0.0000490873   0.0000099011
       -0.0020527307   0.0024900258  -0.0002634422  -0.0000158805   0.0000084923
       -0.0008907431   0.0020434244  -0.0025229388  -0.0002664695
       -0.0996606051   0.0392020253   0.0000408696  -0.0741914004   0.0214236947
        0.0000239062   0.0093749718   0.0139040810  -0.0000019671   0.3910194805
        0.0253211631   0.0000429549  -0.0819724545  -0.0192186675   0.0000245278
       -0.1317697253  -0.0525405335   0.0000537713   0.0040534880  -0.0071651354
        0.0000450452  -0.0245894437  -0.0151371192  -0.0000428782   0.0038255260
       -0.0043300762  -0.0004446995   0.0040380814  -0.0041605330   0.0002797551
        0.0001059992   0.0008248403  -0.0000770652  -0.0003316409   0.0010512051
       -0.0000106161   0.0000977230   0.0008250552   0.0000663960
        0.0090571361  -0.1086078438  -0.0000001978   0.0469575873  -0.6866574385
       -0.0004692160   0.0003350427  -0.0120937291   0.0000038891   0.0253211631
        0.9087152305   0.0006729220   0.0192155596   0.0415326294  -0.0000132691
       -0.0761924255  -0.1150313790   0.0000784102  -0.0090363999  -0.0000985699
       -0.0000092662   0.0072863883   0.0090785436  -0.0000451997  -0.0109451980
       -0.0181470573  -0.0039549269  -0.0110673029  -0.0184558134   0.0037392552
        0.0004143129  -0.0004567741  -0.0002483211  -0.0017558405   0.0006798014
        0.0000040771   0.0004099768  -0.0004575996   0.0002418432
        0.0000569518  -0.0000269588  -0.0546153712   0.0000418191  -0.0005209749
       -0.0629813925  -0.0000031936  -0.0000101711  -0.0032770615   0.0000429549
        0.0006729220   0.1930020335   0.0000245533   0.0000152348   0.0012162788
       -0.0001249351  -0.0000623567  -0.0740105719  -0.0000162042  -0.0000098550
        0.0029543435   0.0001743828   0.0001611537  -0.0002508569  -0.0190657981
       -0.0185340797  -0.0014331965   0.0188617804   0.0183138030  -0.0013463792
       -0.0001303237   0.0001905426   0.0000975707  -0.0000035494   0.0000049379
        0.0005473171   0.0001415618  -0.0001941981   0.0000972860
       -0.0996597375  -0.0392019970   0.0000406329   0.0093752633  -0.0139035769
       -0.0000044698  -0.0741902908  -0.0214078614   0.0000197827  -0.0819724545
        0.0192155596   0.0000245533   0.3910235713  -0.0253344713   0.0000195783
        0.0040532354   0.0071648620   0.0000631519  -0.1317735136   0.0525386703
        0.0000144698  -0.0003317090  -0.0010512723  -0.0000187013   0.0000955135
       -0.0008263470   0.0000642084   0.0001080714  -0.0008234577  -0.0000792450
        0.0040005442   0.0041913077   0.0003089467  -0.0245897215   0.0151365624
       -0.0000322252   0.0038612278   0.0043020216  -0.0004206826
       -0.0090574357  -0.1086092371   0.0000004852  -0.0003344439  -0.0120941650
       -0.0000066151  -0.0469417572  -0.6866568481   0.0003312461  -0.0192186675
        0.0415326294   0.0000152348  -0.0253344713   0.9087116559  -0.0005018114
        0.0090366025  -0.0000983077   0.0000132270   0.0761925181  -0.1150265988
       -0.0000288298   0.0017557623   0.0006798731  -0.0000067053  -0.0004087229
       -0.0004563930  -0.0002418413  -0.0004156349  -0.0004578988   0.0002481579
        0.0110512214  -0.0184090287  -0.0037730505  -0.0072878654   0.0090790130
        0.0000268904   0.0109628943  -0.0181946940   0.0039236120
        0.0000571043   0.0000222259  -0.0546158778  -0.0000052303   0.0000096312
       -0.0032793362   0.0000309152   0.0003802110  -0.0629853196   0.0000245278
       -0.0000132691   0.0012162788   0.0000195783  -0.0005018114   0.1930166844
       -0.0000189556   0.0000130552   0.0029545330  -0.0000982012   0.0000512243
       -0.0740102797  -0.0000038619  -0.0000078789   0.0005463462   0.0001443441
        0.0001937897   0.0000970578  -0.0001272682  -0.0001885909   0.0000994203
        0.0188985012  -0.0183519356  -0.0013605809   0.0001146943  -0.0001061906
       -0.0002508039  -0.0190361479   0.0184995392  -0.0014281225
       -0.0591951231  -0.0172180952  -0.0000360343   0.0055646349  -0.0039718027
        0.0000211160  -0.0014358761  -0.0038956355   0.0000035409  -0.1317697253
       -0.0761924255  -0.0001249351   0.0040532354   0.0090366025  -0.0000189556
        0.5132589857  -0.0474684595  -0.0002424715  -0.0031692388   0.0001086428
       -0.0000007399  -0.2395464295   0.1062978682   0.0016714860  -0.0433852732
        0.0159572203   0.0186422385  -0.0439178669   0.0174510682  -0.0199106636
        0.0000382067  -0.0002640385  -0.0001010614  -0.0005343205   0.0004226840
       -0.0000020174   0.0000387906  -0.0002636291   0.0000984974
       -0.0070342400   0.0098077479   0.0000251566  -0.0294780070  -0.0592942359
       -0.0001503037  -0.0013237246   0.0001705320  -0.0000048688  -0.0525405335
       -0.1150313790  -0.0000623567   0.0071648620  -0.0000983077   0.0000130552
       -0.0474684595   0.4993608341  -0.0003337709  -0.0001086180   0.0011715520
       -0.0000068353   0.1028639190  -0.0996047951  -0.0007830942   0.0132820814
       -0.1162295280  -0.1177672951   0.0147990625  -0.1199622015   0.1190603765
       -0.0001710774  -0.0001095973   0.0000832714   0.0001852146  -0.0000737739
        0.0000022522  -0.0001704796  -0.0001068475  -0.0000755873
       -0.0000756166   0.0000426337   0.0097979072   0.0000176803  -0.0001551895
        0.0224497699  -0.0000228104  -0.0000082163  -0.0002457937   0.0000537713
        0.0000784102  -0.0740105719   0.0000631519   0.0000132270   0.0029545330
       -0.0002424715  -0.0003337709   0.4838980903  -0.0000025283   0.0000093203
       -0.0007733584   0.0016367954  -0.0008183036  -0.0430171457   0.0169631327
       -0.1204803385  -0.2023086792  -0.0183892133   0.1216544688  -0.1985446345
        0.0001032547  -0.0000740747  -0.0000200058   0.0000015050  -0.0000013180
       -0.0001581256  -0.0001066513   0.0000731516  -0.0000219855
       -0.0591951773   0.0172162956  -0.0000179680  -0.0014358492   0.0038955910
        0.0000036315   0.0055637495   0.0039729643   0.0000107633   0.0040534880
       -0.0090363999  -0.0000162042  -0.1317735136   0.0761925181  -0.0000982012
       -0.0031692388  -0.0001086180  -0.0000025283   0.5132532720   0.0474665591
       -0.0001578996  -0.0005343020  -0.0004225293  -0.0000019359   0.0000382797
        0.0002624421   0.0000996196   0.0000386193   0.0002654072  -0.0000999561
       -0.0438167706  -0.0171915521  -0.0196920550  -0.2395461250  -0.1063066053
        0.0011089667  -0.0434764321  -0.0162060728   0.0188637670
        0.0070330505   0.0098084716  -0.0000151713   0.0013239641   0.0001705479
        0.0000044533   0.0294795013  -0.0592942382   0.0001123071  -0.0071651354
       -0.0000985699  -0.0000098550   0.0525386703  -0.1150265988   0.0000512243
        0.0001086428   0.0011715520   0.0000093203   0.0474665591   0.4993577134
        0.0002405011  -0.0001852539  -0.0000735902  -0.0000030184   0.0001703682
       -0.0001074213   0.0000756469   0.0001710901  -0.0001086908  -0.0000834387
       -0.0145346918  -0.1193617777  -0.1188742413  -0.1028721163  -0.0996137365
        0.0005212562  -0.0135346489  -0.1168236615   0.1179710156
       -0.0000452086  -0.0000283957   0.0097975533  -0.0000194996   0.0000063726
       -0.0002460301   0.0000126165   0.0001056573   0.0224508222   0.0000450452
       -0.0000092662   0.0029543435   0.0000144698  -0.0000288298  -0.0740102797
       -0.0000007399  -0.0000068353  -0.0007733584  -0.0001578996   0.0002405011
        0.4838986606   0.0000012803   0.0000022117  -0.0001583766  -0.0001064422
       -0.0000741049  -0.0000215258   0.0001035228   0.0000732394  -0.0000201288
       -0.0181433696  -0.1214887201  -0.1991757625   0.0010848550   0.0005434250
       -0.0430110979   0.0172113699   0.1206647448  -0.2016848198
       -0.0065851106  -0.0036740344   0.0000001252   0.0025082834   0.0026608611
       -0.0000262288   0.0000581824  -0.0006418689   0.0000022678  -0.0245894437
        0.0072863883   0.0001743828  -0.0003317090   0.0017557623  -0.0000038619
       -0.2395464295   0.1028639190   0.0016367954  -0.0005343020  -0.0001852539
        0.0000012803   0.2765383708  -0.1181987097  -0.0018783856  -0.0036777430
        0.0040089170   0.0017431149  -0.0038911284   0.0041274785  -0.0016489033
        0.0000683009  -0.0000409563  -0.0000542753  -0.0000847518   0.0000788439
        0.0000004539   0.0000674806  -0.0000413467   0.0000532346
       -0.0054070968  -0.0018133793  -0.0000151287   0.0005803849   0.0017901490
       -0.0000155939   0.0001511326  -0.0000614726   0.0000006714  -0.0151371192
        0.0090785436   0.0001611537  -0.0010512723   0.0006798731  -0.0000078789
        0.1062978682  -0.0996047951  -0.0008183036  -0.0004225293  -0.0000735902
        0.0000022117  -0.1181987097   0.1080719107   0.0009939089   0.0164894931
       -0.0089327717  -0.0019228474   0.0168084764  -0.0091435226   0.0016209485
       -0.0000162262  -0.0000249039   0.0000127256  -0.0000788777   0.0000592410
        0.0000007826  -0.0000155239  -0.0000252819  -0.0000126500
        0.0000017491  -0.0000114079   0.0019680329  -0.0000067801   0.0000355828
       -0.0008876368  -0.0000139010   0.0000034367  -0.0000637443  -0.0000428782
       -0.0000451997  -0.0002508569  -0.0000187013  -0.0000067053   0.0005463462
        0.0016714860  -0.0007830942  -0.0430171457  -0.0000019359  -0.0000030184
       -0.0001583766  -0.0018783856   0.0009939089   0.0438162687   0.0218402155
       -0.0125612324  -0.0011900276  -0.0215500455   0.0123775063  -0.0007512179
        0.0000108549  -0.0000132543   0.0000012412  -0.0000000553  -0.0000003308
       -0.0000148978  -0.0000116226   0.0000138083   0.0000020144
       -0.0017527971   0.0003208938   0.0020233305  -0.0021797232  -0.0044307777
        0.0020412531  -0.0000063228   0.0002044310  -0.0000260785   0.0038255260
       -0.0109451980  -0.0190657981   0.0000955135  -0.0004087229   0.0001443441
       -0.0433852732   0.0132820814   0.0169631327   0.0000382797   0.0001703682
       -0.0001064422  -0.0036777430   0.0164894931   0.0218402155   0.0449299719
       -0.0139208123  -0.0215361748   0.0021909436  -0.0007412447  -0.0022538974
       -0.0001146273  -0.0000258323   0.0000191865   0.0000674121   0.0000159662
       -0.0000118346  -0.0000311602  -0.0000106459  -0.0000312367
        0.0021877787  -0.0000977093   0.0010492871  -0.0030793544  -0.0024472189
        0.0025330642   0.0003153217   0.0004146827  -0.0000470184  -0.0043300762
       -0.0181470573  -0.0185340797  -0.0008263470  -0.0004563930   0.0001937897
        0.0159572203  -0.1162295280  -0.1204803385   0.0002624421  -0.0001074213
       -0.0000741049   0.0040089170  -0.0089327717  -0.0125612324  -0.0139208123
        0.1361008129   0.1346110565  -0.0006531084   0.0097952577   0.0132818842
        0.0000258819   0.0000622187   0.0000260817   0.0000406222  -0.0000252692
       -0.0000136720   0.0000115144   0.0000703965   0.0000152825
       -0.0006016478   0.0006164179   0.0005121683  -0.0000779413   0.0008921934
       -0.0002707223   0.0001468358   0.0003668377   0.0000105436  -0.0004446995
       -0.0039549269  -0.0014331965   0.0000642084  -0.0002418413   0.0000970578
        0.0186422385  -0.1177672951  -0.2023086792   0.0000996196   0.0000756469
       -0.0000215258   0.0017431149  -0.0019228474  -0.0011900276  -0.0215361748
        0.1346110565   0.2314911988   0.0019612252  -0.0127039501  -0.0268983904
       -0.0000188365   0.0000298950   0.0000811261   0.0000536174   0.0000131398
        0.0000014531  -0.0000315600  -0.0000143263  -0.0000710059
       -0.0017328616   0.0003213227  -0.0019964148  -0.0022129087  -0.0045573122
       -0.0020543542  -0.0000160976   0.0002031632   0.0000205493   0.0040380814
       -0.0110673029   0.0188617804   0.0001080714  -0.0004156349  -0.0001272682
       -0.0439178669   0.0147990625  -0.0183892133   0.0000386193   0.0001710901
        0.0001035228  -0.0038911284   0.0168084764  -0.0215500455   0.0021909436
       -0.0006531084   0.0019612252   0.0454746053  -0.0155869919   0.0231408202
       -0.0000319808  -0.0000126494   0.0000362587   0.0000683843   0.0000158444
        0.0000113516  -0.0001158612  -0.0000259596  -0.0000182121
        0.0022073430  -0.0000794350  -0.0010650574  -0.0031393663  -0.0025063268
       -0.0024801095   0.0003208837   0.0004200262   0.0000490873  -0.0041605330
       -0.0184558134   0.0183138030  -0.0008234577  -0.0004578988  -0.0001885909
        0.0174510682  -0.1199622015   0.1216544688   0.0002654072  -0.0001086908
        0.0000732394   0.0041274785  -0.0091435226   0.0123775063  -0.0007412447
        0.0097952577  -0.0127039501  -0.0155869919   0.1403877872  -0.1359966912
        0.0000121911   0.0000735774  -0.0000152515   0.0000416391  -0.0000248694
        0.0000129873   0.0000255828   0.0000621097  -0.0000314415
        0.0006523909  -0.0006405565   0.0004960984   0.0000815134  -0.0008370419
       -0.0002623362  -0.0001622308  -0.0003685328   0.0000099011   0.0002797551
        0.0037392552  -0.0013463792  -0.0000792450   0.0002481579   0.0000994203
       -0.0199106636   0.1190603765  -0.1985446345  -0.0000999561  -0.0000834387
       -0.0000201288  -0.0016489033   0.0016209485  -0.0007512179  -0.0022538974
        0.0132818842  -0.0268983904   0.0231408202  -0.1359966912   0.2272039099
        0.0000358279   0.0000146405  -0.0000684850  -0.0000538738  -0.0000125285
        0.0000013176   0.0000184625  -0.0000264733   0.0000809247
       -0.0017366784  -0.0003218951  -0.0020007942  -0.0000159402  -0.0002036963
        0.0000212501  -0.0022065062   0.0045368139  -0.0020527307   0.0001059992
        0.0004143129  -0.0001303237   0.0040005442   0.0110512214   0.0188985012
        0.0000382067  -0.0001710774   0.0001032547  -0.0438167706  -0.0145346918
       -0.0181433696   0.0000683009  -0.0000162262   0.0000108549  -0.0001146273
        0.0000258819  -0.0000188365  -0.0000319808   0.0000121911   0.0000358279
        0.0453713980   0.0152953628   0.0228618630  -0.0038532537  -0.0167583469
       -0.0215978221   0.0021913081   0.0006701497   0.0020123250
       -0.0022037485  -0.0000814109   0.0010627868  -0.0003206993   0.0004180653
       -0.0000473242   0.0031294281  -0.0024965511   0.0024900258   0.0008248403
       -0.0004567741   0.0001905426   0.0041913077  -0.0184090287  -0.0183519356
       -0.0002640385  -0.0001095973  -0.0000740747  -0.0171915521  -0.1193617777
       -0.1214887201  -0.0000409563  -0.0000249039  -0.0000132543  -0.0000258323
        0.0000622187   0.0000298950  -0.0000126494   0.0000735774   0.0000146405
        0.0152953628   0.1397005531   0.1357989028  -0.0041071339  -0.0091108933
       -0.0124090874   0.0007256712   0.0097965226   0.0127976028
        0.0006442950   0.0006362166   0.0004986491  -0.0001626221   0.0003693300
        0.0000099078   0.0000837829   0.0008460266  -0.0002634422  -0.0000770652
       -0.0002483211   0.0000975707   0.0003089467  -0.0037730505  -0.0013605809
       -0.0001010614   0.0000832714  -0.0000200058  -0.0196920550  -0.1188742413
       -0.1991757625  -0.0000542753   0.0000127256   0.0000012412   0.0000191865
        0.0000260817   0.0000811261   0.0000362587  -0.0000152515  -0.0000684850
        0.0228618630   0.1357989028   0.2279255226  -0.0016648607  -0.0016726968
       -0.0008240807  -0.0022023930  -0.0131889935  -0.0269016604
       -0.0065854055   0.0036739250   0.0000007048   0.0000581538   0.0006418863
        0.0000013466   0.0025066299  -0.0026588688  -0.0000158805  -0.0003316409
       -0.0017558405  -0.0000035494  -0.0245897215  -0.0072878654   0.0001146943
       -0.0005343205   0.0001852146   0.0000015050  -0.2395461250  -0.1028721163
        0.0010848550  -0.0000847518  -0.0000788777  -0.0000000553   0.0000674121
        0.0000406222   0.0000536174   0.0000683843   0.0000416391  -0.0000538738
       -0.0038532537  -0.0041071339  -0.0016648607   0.2765396428   0.1182066296
       -0.0012468753  -0.0037150039  -0.0040292143   0.0017283719
        0.0054070297  -0.0018132663   0.0000090900  -0.0001509831  -0.0000616410
        0.0000001930  -0.0005787358   0.0017895614   0.0000084923   0.0010512051
        0.0006798014   0.0000049379   0.0151365624   0.0090790130  -0.0001061906
        0.0004226840  -0.0000737739  -0.0000013180  -0.1063066053  -0.0996137365
        0.0005434250   0.0000788439   0.0000592410  -0.0000003308   0.0000159662
       -0.0000252692   0.0000131398   0.0000158444  -0.0000248694  -0.0000125285
       -0.0167583469  -0.0091108933  -0.0016726968   0.1182066296   0.1080830504
       -0.0006584824  -0.0165400943  -0.0089672177   0.0018722689
        0.0000000499   0.0000080208   0.0019681423  -0.0000148973  -0.0000022541
       -0.0000628915   0.0000022526  -0.0000242121  -0.0008907431  -0.0000106161
        0.0000040771   0.0005473171  -0.0000322252   0.0000268904  -0.0002508039
       -0.0000020174   0.0000022522  -0.0001581256   0.0011089667   0.0005212562
       -0.0430110979   0.0000004539   0.0000007826  -0.0000148978  -0.0000118346
       -0.0000136720   0.0000014531   0.0000113516   0.0000129873   0.0000013176
       -0.0215978221  -0.0124090874  -0.0008240807  -0.0012468753  -0.0006584824
        0.0438110627   0.0217932133   0.0125314414  -0.0011166523
       -0.0017492788  -0.0003205495   0.0020189329  -0.0000063734  -0.0002039705
       -0.0000246864  -0.0021866381   0.0044515798   0.0020434244   0.0000977230
        0.0004099768   0.0001415618   0.0038612278   0.0109628943  -0.0190361479
        0.0000387906  -0.0001704796  -0.0001066513  -0.0434764321  -0.0135346489
        0.0172113699   0.0000674806  -0.0000155239  -0.0000116226  -0.0000311602
        0.0000115144  -0.0000315600  -0.0001158612   0.0000255828   0.0000184625
        0.0021913081   0.0007256712  -0.0022023930  -0.0037150039  -0.0165400943
        0.0217932133   0.0450242177   0.0141980473  -0.0218139035
       -0.0021920711  -0.0000956132  -0.0010515749  -0.0003153812   0.0004163919
        0.0000474142   0.0030890470  -0.0024562839  -0.0025229388   0.0008250552
       -0.0004575996  -0.0001941981   0.0043020216  -0.0181946940   0.0184995392
       -0.0002636291  -0.0001068475   0.0000731516  -0.0162060728  -0.1168236615
        0.1206647448  -0.0000413467  -0.0000252819   0.0000138083  -0.0000106459
        0.0000703965  -0.0000143263  -0.0000259596   0.0000621097  -0.0000264733
        0.0006701497   0.0097965226  -0.0131889935  -0.0040292143  -0.0089672177
        0.0125314414   0.0141980473   0.1367817787  -0.1348315946
       -0.0006096452  -0.0006209467   0.0005098341   0.0001466668  -0.0003659753
        0.0000122200  -0.0000755786  -0.0008834297  -0.0002664695   0.0000663960
        0.0002418432   0.0000972860  -0.0004206826   0.0039236120  -0.0014281225
        0.0000984974  -0.0000755873  -0.0000219855   0.0188637670   0.1179710156
       -0.2016848198   0.0000532346  -0.0000126500   0.0000020144  -0.0000312367
        0.0000152825  -0.0000710059  -0.0000182121  -0.0000314415   0.0000809247
        0.0020123250   0.0127976028  -0.0269016604   0.0017283719   0.0018722689
       -0.0011166523  -0.0218139035  -0.1348315946   0.2307884366
