           1           2  0.13520901193090010     
           1           3  0.13520870707424218     
           1           4   1.0124188615425691     
           2           4   1.8525526819147560     
           1           5   1.0124190260609152     
           3           5   1.8525524445986337     
           4           6  0.99304482821923246     
           5           7  0.99304486596779662     
           6           8  0.98080917866005635     
           6           9  0.95930500711969180     
           6          10  0.95985241218105566     
           7          11  0.95975988187845274     
           7          12  0.98081023611567419     
           7          13  0.95939662918883895     
