           1           2  0.13520901197265958     
           1           3  0.13520870712184466     
           1           4   1.0124188614801712     
           2           4   1.8525526817729021     
           1           5   1.0124190256545378     
           3           5   1.8525524449172117     
           4           6  0.99304482838240382     
           5           7  0.99304486603914499     
           6           8  0.98080917863999983     
           6           9  0.95930500705836086     
           6          10  0.95985241214329720     
           7          11  0.95975988185483629     
           7          12  0.98081023610033125     
           7          13  0.95939662914429968     
