           1           2  0.12739075797711952     
           1           3  0.12739047582317989     
           1           4   1.0237466586118225     
           2           4   1.7842348937327230     
           1           5   1.0237472066651951     
           3           5   1.7842343814015871     
           4           6   1.0162960113236181     
           5           7   1.0162960207127985     
           6           8  0.97571285861557000     
           6           9  0.94089088354659922     
           6          10  0.94161476302152280     
           7          11  0.94148997266460999     
           7          12  0.97571435005306628     
           7          13  0.94101424249535603     
