           2           3   1.1944914527633144     
           3           4   1.3338622233450277     
           3           5   1.3262699179997464     
           1           6   1.0382656571864448     
           4           7   1.4563497995438088     
           5           7  0.10153078487601597     
           6           7   1.3756225057856761     
           4           8  0.10332926446038115     
           5           8   1.4706151457761156     
           6           8   1.3636285197870959     
           4           9  0.96897307381268594     
           5          10  0.96874833492369894     
           7          11  0.96688337847300920     
           8          12  0.96974406700444982     
           2          13  0.94213197389393089     
           2          14  0.94241741120909539     
           1          15  0.85148650550122562     
