           2           3  0.16441599854046962     
           3           4   1.0658522817669325     
           4           5   1.3767788403068044     
           4           6   1.3580995999356180     
           5           7   1.4501326494349613     
           6           7  0.10244082134430867     
           5           8  0.10395046944768527     
           6           8   1.4732515670177511     
           1           9   1.0741695195584215     
           7           9   1.3738080359998324     
           8           9   1.3534220109312363     
           2          10   1.6338490006997157     
           3          10   1.2456624057478072     
          10          11  0.99039779639341818     
           5          12  0.96279109521246076     
           6          13  0.96448762636039775     
           3          14  0.91714378788598561     
           7          15  0.96562266740595992     
           8          16  0.96745525224333750     
          11          17  0.96310216306220764     
          11          18  0.98294594277935354     
          11          19  0.96425332695215427     
           1          20  0.84171330945583966     
