           2           3  0.16761876824691241     
           3           4   1.0669208716336538     
           4           5   1.3736796298094807     
           4           6   1.3605658711936710     
           5           7   1.4515874258037107     
           6           7  0.10235029891191190     
           5           8  0.10502650109618231     
           6           8   1.4693583093897034     
           1           9   1.0684325413032569     
           7           9   1.3743771237157194     
           8           9   1.3565320084096497     
           2          10   1.7127813066467494     
           3          10   1.1989028277979477     
          10          11  0.97791265220997070     
           5          12  0.95915588198052992     
           6          13  0.96661085733860919     
           3          14  0.93725742046345928     
           7          15  0.96608340887495481     
           8          16  0.96801379337893689     
          11          17  0.97061453720950674     
          11          18  0.98345156156670144     
          11          19  0.97157115741780453     
           1          20  0.88932149213498524     
