           1           2  0.10367639516946753     
           1           3  0.11711721178185233     
           1           4  0.92575076844950854     
           2           4   1.7957773757752529     
           1           5   1.2228274582152552     
           3           5   1.4446937056280365     
           4           6   1.0734501020020992     
           5           7   1.0948620317844708     
           6           8  0.96502565119782446     
           6           9  0.91521371018389275     
           6          10  0.90605396624728218     
           7          11  0.91205283810071058     
           7          12  0.95375149797183922     
           7          13  0.86779158669013245     
           3          14  0.72565721823083096     
