           2           4   2.0396867861658570     
           1           5  0.96653706286525176     
           3           5  0.98404794984919142     
           4           6   1.0868124697256778     
           5           7  0.97233872624318329     
           6           8  0.92304204638226517     
           6           9  0.94325119919318834     
           6          10  0.94757923595210036     
           7          11  0.97982765479394407     
           7          12  0.98471026851473442     
           3          14  0.83926714522349533     
          13          15  0.84615920822131319     
           5          16  0.97576216922864134     
          16          17   1.1201999204866944     
          17          18   1.3526702200999090     
          17          19   1.3455240032032443     
          15          20   1.0548731995272027     
          18          21   1.4581967099483226     
          19          21  0.10155088544548359     
          20          21   1.3701322647628684     
          18          22  0.10440824864673655     
          19          22   1.4643691911588581     
          20          22   1.3643733319919089     
          18          23  0.96635906582222308     
          19          24  0.96487587221797599     
          21          25  0.96591690991949308     
          22          26  0.96843426792135512     
           7          27  0.98201348084397155     
           4          28  0.13427934188192919     
          16          28  0.79670447288013979     
           1          29  0.84356295069845033     
