           1           2  0.13520807153148084     
           1           3  0.13520779897926041     
           1           4   1.0124190846540848     
           2           4   1.8525497814795622     
           1           5   1.0124192614014849     
           3           5   1.8525496181709475     
           4           6  0.99304509414016662     
           5           7  0.99304512306174553     
           6           8  0.98080917176076743     
           6           9  0.95930526426198282     
           6          10  0.95985265031565814     
           7          11  0.95976011864600030     
           7          12  0.98081022713863442     
           7          13  0.95939688096050946     
