           2           3  0.16761876824691357     
           3           4   1.0669208716336547     
           4           5   1.3736796298094789     
           4           6   1.3605658711936750     
           5           7   1.4515874258037140     
           6           7  0.10235029891191204     
           5           8  0.10502650109618311     
           6           8   1.4693583093897036     
           1           9   1.0684325413032605     
           7           9   1.3743771237157190     
           8           9   1.3565320084096528     
           2          10   1.7127813066467437     
           3          10   1.1989028277979474     
          10          11  0.97791265220997214     
           5          12  0.95915588198053126     
           6          13  0.96661085733860919     
           3          14  0.93725742046345939     
           7          15  0.96608340887495714     
           8          16  0.96801379337893956     
          11          17  0.97061453720950697     
          11          18  0.98345156156670199     
          11          19  0.97157115741780398     
           1          20  0.88932149213498402     
