           2           3   1.1647566824740472     
           3           4   1.3455134424380599     
           3           5   1.3349906656306509     
           1           6   1.0477213856265697     
           4           7   1.4514109626292575     
           5           7  0.10254247963196680     
           6           7   1.3771930181880490     
           4           8  0.10482305197647138     
           5           8   1.4703925688935173     
           6           8   1.3612412132163065     
           4           9  0.96921154238593898     
           5          10  0.96880157251929488     
           7          11  0.96693175558993583     
           8          12  0.96880582359732592     
           2          13  0.95775314641876741     
           2          14  0.95756879409167472     
           1          15  0.89445109543583834     
