           2           3   1.1647626718093020     
           3           4   1.3455111203784245     
           3           5   1.3349895894047412     
           1           6   1.0477211344102735     
           4           7   1.4514128897060801     
           5           7  0.10254262446566476     
           6           7   1.3771913997381131     
           4           8  0.10482264408741258     
           5           8   1.4703913545987248     
           6           8   1.3612420883926752     
           4           9  0.96921143899211293     
           5          10  0.96880128693411205     
           7          11  0.96693189920950895     
           8          12  0.96880535640277199     
           2          13  0.95775408926732186     
           2          14  0.95756971032906268     
           1          15  0.89445204363268327     
