           2           3   1.1647626718092960     
           3           4   1.3455111203784211     
           3           5   1.3349895894047417     
           1           6   1.0477211344102766     
           4           7   1.4514128897060803     
           5           7  0.10254262446566421     
           6           7   1.3771913997381153     
           4           8  0.10482264408741319     
           5           8   1.4703913545987277     
           6           8   1.3612420883926784     
           4           9  0.96921143899211182     
           5          10  0.96880128693411327     
           7          11  0.96693189920950839     
           8          12  0.96880535640277343     
           2          13  0.95775408926732108     
           2          14  0.95756971032906191     
           1          15  0.89445204363268438     
