           2           3  0.16761897191715680     
           3           4   1.0669206508920750     
           4           5   1.3736798060464339     
           4           6   1.3605658729943328     
           5           7   1.4515870844967491     
           6           7  0.10235031364534880     
           5           8  0.10502655578717440     
           6           8   1.4693584542829972     
           1           9   1.0684324107450216     
           7           9   1.3743773281144867     
           8           9   1.3565320272549310     
           2          10   1.7127815994177318     
           3          10   1.1989028322868387     
          10          11  0.97791249228996480     
           5          12  0.95915591789553556     
           6          13  0.96661088197029521     
           3          14  0.93725751995852669     
           7          15  0.96608336966839881     
           8          16  0.96801371292817473     
          11          17  0.97061456451000305     
          11          18  0.98345155444152388     
          11          19  0.97157117386125669     
           1          20  0.88932180617026768     
