           1           2  0.99144371052460534     
           2           3   1.7337820819769370     
           2           4   1.1363662971684529     
           3           4  0.16763067839226392     
           4           5  0.87204151947224917     
           5           6  0.97115665834696785     
           5           7   1.0118607248904352     
           5           8   1.0031402412886734     
           8           9   1.0942844524634054     
           9          10   1.3724864160743293     
          10          11   1.4405707763553037     
          11          12   1.3832658990688191     
          12          13   1.0567223019733305     
          10          14  0.10425243011474392     
          12          14   1.3542409742565418     
           9          15   1.3458591399168414     
          11          15  0.10434530286550785     
          14          15   1.4764994625335559     
           1          16  0.98128544179682853     
           1          17  0.95663220804593341     
           1          18  0.96647869791852692     
           6          19  0.98072175014324270     
           6          20  0.98382543450637239     
           6          21  0.97625579288709829     
           7          22  0.84895122662427047     
           8          23  0.93179935285668414     
          10          24  0.96416709365333086     
          11          25  0.96671757885202914     
          13          26  0.89223178423753380     
          14          27  0.96815223185497423     
          15          28  0.96808039422465753     
