           1           2  0.13520807157948966     
           1           3  0.13520779902015015     
           1           4   1.0124190845939947     
           2           4   1.8525497813521741     
           1           5   1.0124192609926950     
           3           5   1.8525496184738204     
           4           6  0.99304509430162713     
           5           7  0.99304512313496629     
           6           8  0.98080917174032778     
           6           9  0.95930526420001572     
           6          10  0.95985265027726951     
           7          11  0.95976011862305821     
           7          12  0.98081022712370891     
           7          13  0.95939688091664799     
