$hessian                                                                        
        0.3978684898   0.0885178239   0.0000534432  -0.0014946911   0.0071589539
        0.0000030440  -0.0142923241   0.0020047215   0.0000022712   0.0087177023
        0.0017432644  -0.0000047801  -0.0028263223   0.0037516270   0.0000024849
       -0.0001718720   0.0000761757   0.0000035183  -0.0510971725  -0.0007572674
        0.0000025511  -0.0283397908  -0.0175084089  -0.0000102700  -0.2710910110
       -0.0005620920   0.0000092315   0.0080182837  -0.0107158516   0.0000030378
       -0.0019177962  -0.0008390406  -0.0000304535  -0.0017524770  -0.0003223456
        0.0000014795  -0.0012369688  -0.0005941404   0.0000009465   0.0003217766
        0.0007151004   0.0000032826   0.0028160807  -0.0012361195   0.0000006578
        0.0010701021   0.0003359378  -0.0000009934  -0.0000599436  -0.0000533410
       -0.0001229708  -0.0000621471   0.0001008048   0.0000104270  -0.0000497688
       -0.0000508349   0.0001306871  -0.0444201496  -0.0717649676  -0.0000575948
        0.0885178239   0.5004674491   0.0003333591   0.0000775930   0.0010184879
        0.0000001037  -0.0022179248   0.0002783309   0.0000008932   0.0010877988
        0.0020545062   0.0000003158   0.0012792436  -0.0047478146  -0.0000064405
        0.0006038607  -0.0062784120  -0.0000064079   0.0297944764   0.0040414416
       -0.0000015873  -0.0447158885  -0.0114612176  -0.0000079260  -0.0294735035
       -0.0791841258  -0.0000278498   0.0010545938  -0.0016060982   0.0000005881
       -0.0002514828  -0.0000425479  -0.0000045835   0.0010363440   0.0000308016
        0.0000004044  -0.0017846122  -0.0006875362  -0.0000001297   0.0001880622
        0.0001666802   0.0000015448   0.0011461885   0.0015900616   0.0000025178
        0.0006154124   0.0018272316   0.0000025553  -0.0000073721  -0.0000194040
       -0.0000100518  -0.0000144214   0.0000228708   0.0000017668  -0.0000064815
       -0.0000200302   0.0000103396  -0.0469297103  -0.4074506747  -0.0002894120
        0.0000534432   0.0003333591   0.0241692265  -0.0000005967   0.0000005605
       -0.0000541576  -0.0000008648   0.0000000226  -0.0010569204   0.0000007129
        0.0000004031   0.0000286713   0.0000016981  -0.0000049481   0.0064520141
        0.0000012875  -0.0000073192   0.0053320275   0.0000175274  -0.0000009474
        0.0051906405  -0.0000262295  -0.0000085570   0.0036175415  -0.0000104854
       -0.0000294360  -0.0346142128  -0.0000004382  -0.0000014746  -0.0002617130
        0.0000006507   0.0000007752   0.0001979137   0.0000001907   0.0000002261
       -0.0001619458  -0.0000012945  -0.0000005498   0.0001686152  -0.0000026521
        0.0000019443  -0.0000858698   0.0000006330   0.0000018358  -0.0016235871
        0.0000008811   0.0000027736  -0.0028773112   0.0000314488  -0.0000034546
        0.0000212749  -0.0000009539   0.0000011017  -0.0000176929  -0.0000272434
        0.0000021093   0.0000229569  -0.0000377148  -0.0002884245  -0.0044474715
       -0.0014946911   0.0000775930  -0.0000005967   0.0943926999   0.0270673375
       -0.0000556568   0.0019040907   0.0464365182   0.0000133492   0.0045654202
       -0.0003938056  -0.0000090751  -0.0047903798  -0.0021739599   0.0000010978
       -0.0000306727   0.0001576369  -0.0000007962  -0.0010774621   0.0018495627
        0.0000010620   0.0003492276  -0.0001140892   0.0000002309   0.0010161199
       -0.0004283250  -0.0000007988  -0.0779793797  -0.0321950566   0.0000180182
       -0.0032714828  -0.0402500659   0.0000704933  -0.0050575814   0.0012618323
        0.0000018499  -0.0000005849   0.0001352086   0.0000001866  -0.0044553023
        0.0045438782   0.0000067110   0.0000348423  -0.0000280808  -0.0000004484
       -0.0000587293   0.0001054468  -0.0000001333  -0.0035239264  -0.0030933446
       -0.0003348092   0.0030606025   0.0003739563  -0.0000320492  -0.0037337540
       -0.0032989057   0.0003220735   0.0001509435  -0.0000333372  -0.0000007087
        0.0071589539   0.0010184879   0.0000005605   0.0270673375   0.7197850629
        0.0000961313   0.0367691871  -0.0885475526  -0.0000751200  -0.0015257541
       -0.0017868234   0.0000041703  -0.0036779255  -0.0017534790   0.0000007655
        0.0008588962   0.0024332359   0.0000000320   0.0025660784  -0.0019271850
       -0.0000032815   0.0010639088   0.0025490194   0.0000020798  -0.0073661465
       -0.0002049631  -0.0000000411  -0.0500394381  -0.5818264696  -0.0000610565
       -0.0171968574  -0.0468037274  -0.0000413547   0.0020606679   0.0013631889
       -0.0000019064  -0.0005176428   0.0001757788   0.0000019615   0.0082183829
       -0.0003840204  -0.0000098750   0.0003389312   0.0001966732  -0.0000024898
        0.0002448250  -0.0002604327   0.0000026798  -0.0035100539  -0.0026591456
        0.0007720524   0.0019162702   0.0016344715   0.0000589631  -0.0038295654
       -0.0027564526  -0.0007434864  -0.0006000555  -0.0002456672  -0.0000007846
        0.0000030440   0.0000001037  -0.0000541576  -0.0000556568   0.0000961313
        0.0250501182   0.0000224801  -0.0000624748   0.0122955789  -0.0000072303
       -0.0000022599  -0.0015628468   0.0000018223   0.0000005339   0.0007804135
        0.0000010064  -0.0000004606  -0.0000790480   0.0000007206  -0.0000012307
        0.0003538600  -0.0000000929   0.0000001013  -0.0000662306  -0.0000022872
        0.0000002522  -0.0001083312  -0.0000070616  -0.0000171956  -0.0595482901
        0.0000628802  -0.0000893256   0.0177210632   0.0000012990   0.0000000644
       -0.0004320216  -0.0000003365  -0.0000000931   0.0000590981   0.0000050741
       -0.0000156550   0.0064527839   0.0000002735  -0.0000000236   0.0000032434
        0.0000000918  -0.0000002799   0.0000260315   0.0017279317   0.0018963290
       -0.0000376897  -0.0000622966  -0.0000145975  -0.0008364403  -0.0016913041
       -0.0017895157  -0.0000243098  -0.0000003578  -0.0000004040   0.0000071747
       -0.0142923241  -0.0022179248  -0.0000008648   0.0019040907   0.0367691871
        0.0000224801   0.6463995325  -0.0260360773  -0.0003408915  -0.2318221609
       -0.0328576984   0.0000760788  -0.0208499092  -0.0185582877   0.0000060686
       -0.0505633420   0.0052587404   0.0000265515   0.0002345101   0.0010740819
        0.0000012770  -0.0008510843   0.0018479085   0.0000075692   0.0122007255
        0.0004542340  -0.0000006210  -0.2195168213   0.0867872636   0.0001831341
       -0.0534243189   0.0079155189  -0.0000263503  -0.0013697149   0.0004142644
       -0.0000017818   0.0018486097  -0.0016215318   0.0000004029  -0.0582604557
       -0.0599219929  -0.0000252619  -0.0010173440  -0.0005013385  -0.0000006384
       -0.0016866954   0.0000946363  -0.0000002915  -0.0012099241   0.0015531991
       -0.0000105528  -0.0077289506  -0.0028217983   0.0000116808  -0.0011658595
        0.0016200503   0.0000723074   0.0011714365   0.0007475651  -0.0000002963
        0.0020047215   0.0002783309   0.0000000226   0.0464365182  -0.0885475526
       -0.0000624748  -0.0260360773   0.7111942939   0.0006379323  -0.0507815949
       -0.0953487515  -0.0000347033  -0.0383850578  -0.0124181076   0.0000074014
        0.0286623852   0.0041453617  -0.0000093512   0.0005775456  -0.0066871699
       -0.0000054441   0.0021767801  -0.0034329660  -0.0000044198  -0.0022955679
        0.0005979999  -0.0000001571   0.1054029603  -0.1512606791  -0.0001944830
       -0.0062149332   0.0090025762   0.0001367675   0.0015263184   0.0014716710
        0.0000019761   0.0023983178   0.0012143625   0.0000008348  -0.0618871178
       -0.3688154181  -0.0003932690  -0.0014831237  -0.0003886582   0.0000002548
        0.0014000252  -0.0000817727  -0.0000003347  -0.0005225179  -0.0001501299
        0.0006425959  -0.0022875665  -0.0007305753  -0.0000137441  -0.0005937477
       -0.0000900699  -0.0007097610  -0.0000982675   0.0000472548   0.0000003563
        0.0000022712   0.0000008932  -0.0010569204   0.0000133492  -0.0000751200
        0.0122955789  -0.0003408915   0.0006379323   0.0546341188   0.0000711570
       -0.0000484182  -0.0349720077  -0.0000173938   0.0000048152   0.0001994102
        0.0000392571   0.0000021742   0.0026101434  -0.0000021163  -0.0000100460
        0.0063306748   0.0000033027  -0.0000036480   0.0053346904  -0.0000004657
       -0.0000019890   0.0002869573   0.0002162152  -0.0001382208  -0.0389289495
        0.0000026875   0.0000476452   0.0061904800   0.0000019399   0.0000012400
       -0.0021712765  -0.0000002035   0.0000020447  -0.0017992032  -0.0000288378
       -0.0003606434  -0.0119758410  -0.0000012271  -0.0000006655   0.0002487753
        0.0000013647  -0.0000004978   0.0002460967   0.0012468863   0.0005713868
        0.0008266973   0.0000059196  -0.0000182690   0.0011062118  -0.0012124921
       -0.0006103614   0.0008020589  -0.0000007227  -0.0000002525  -0.0002076955
        0.0087177023   0.0010877988   0.0000007129   0.0045654202  -0.0015257541
       -0.0000072303  -0.2318221609  -0.0507815949   0.0000711570   0.6220388471
        0.0080129405  -0.0001733377  -0.1094235336  -0.0969263790  -0.0000487373
       -0.1691497721   0.1416014044   0.0001029951  -0.0143254027  -0.0334242359
       -0.0000150155  -0.0521350609   0.0096570558   0.0000084077  -0.0060410638
        0.0122648944   0.0000070498  -0.0465589585   0.0103938804   0.0000595563
        0.0012176724   0.0022413111   0.0000412341   0.0069128789   0.0187243816
        0.0000100709   0.0046050043  -0.0070094442  -0.0000090171  -0.0074870522
       -0.0102005350  -0.0000059461  -0.0049662621  -0.0009912654   0.0000004882
       -0.0043612094  -0.0014212263   0.0000017125  -0.0004375256  -0.0001527042
       -0.0000127371  -0.0004101494  -0.0009353119  -0.0000357343  -0.0004080712
       -0.0001404498   0.0000044130  -0.0005313031  -0.0004747663  -0.0000000421
        0.0017432644   0.0020545062   0.0000004031  -0.0003938056  -0.0017868234
       -0.0000022599  -0.0328576984  -0.0953487515  -0.0000484182   0.0080129405
        0.6682163172   0.0003021424  -0.0240746504  -0.2939062965  -0.0001306253
        0.0675448174  -0.2208708219  -0.0001117973  -0.0894861123   0.0065549729
        0.0000192348   0.0656052147   0.0445140757   0.0000154544   0.0115669834
       -0.0651685999  -0.0000347004   0.0076960807   0.0142472452   0.0000232431
        0.0046142082  -0.0004969993   0.0000090231  -0.0059235942  -0.0250607300
       -0.0000181485   0.0150966436  -0.0253168326  -0.0000135191  -0.0271019451
       -0.0111905554   0.0000156213  -0.0004139954   0.0014831893  -0.0000040710
       -0.0021618547   0.0011375366  -0.0000040571  -0.0000303772  -0.0000955506
        0.0001096644   0.0009115585   0.0004702957  -0.0000099009  -0.0000490149
       -0.0000916293  -0.0001178459  -0.0002986633   0.0006554516   0.0000005569
       -0.0000047801   0.0000003158   0.0000286713  -0.0000090751   0.0000041703
       -0.0015628468   0.0000760788  -0.0000347033  -0.0349720077  -0.0001733377
        0.0003021424   0.1244557978   0.0000015571  -0.0001162380  -0.0493422499
        0.0000699942  -0.0001279027  -0.0490901351  -0.0000498767   0.0000108324
       -0.0012041475   0.0000367946   0.0000205266  -0.0007179409   0.0000095624
       -0.0000333345  -0.0061756835   0.0000285893  -0.0000055028  -0.0047924171
        0.0000013378   0.0000305488   0.0052164043  -0.0000041471  -0.0000182103
        0.0015904740   0.0000084916  -0.0000131839   0.0010495882  -0.0000259187
       -0.0000044432  -0.0016759821   0.0000011437  -0.0000031833   0.0081646599
        0.0000003331  -0.0000041830   0.0082844040   0.0005620208   0.0003662645
        0.0000094742  -0.0000236531  -0.0000170594   0.0004482976  -0.0005057197
       -0.0003575731   0.0000111937   0.0000006050   0.0000007166   0.0002744456
       -0.0028263223   0.0012792436   0.0000016981  -0.0047903798  -0.0036779255
        0.0000018223  -0.0208499092  -0.0383850578  -0.0000173938  -0.1094235336
       -0.0240746504   0.0000015571   0.6785709429  -0.0137784806  -0.0000868788
        0.0499285489  -0.0058314103  -0.0000097068  -0.3322953118  -0.0811564081
       -0.0000243920  -0.0351329411  -0.0320434468  -0.0000129031  -0.0521915462
        0.0679578548   0.0000422852   0.0016555028   0.0016309814  -0.0000035810
       -0.0003387835   0.0001728820   0.0000051918  -0.1525023302   0.1308835791
        0.0000977347  -0.0019836274   0.0038746530   0.0000036421  -0.0056827677
       -0.0007835143   0.0000038445  -0.0121212172  -0.0046199189  -0.0000001928
        0.0000752195  -0.0008210604  -0.0000014186   0.0000530108   0.0000457505
        0.0001099077  -0.0000808988   0.0000422772   0.0000002695   0.0000447844
        0.0000512332  -0.0001104283  -0.0001084408  -0.0007665816  -0.0000010579
        0.0037516270  -0.0047478146  -0.0000049481  -0.0021739599  -0.0017534790
        0.0000005339  -0.0185582877  -0.0124181076   0.0000048152  -0.0969263790
       -0.2939062965  -0.0001162380  -0.0137784806   0.6591997181   0.0003055795
        0.0465320039  -0.0585156105  -0.0000389871  -0.0061851035  -0.1009632274
       -0.0000390710  -0.0321772273  -0.0243992672  -0.0000066461   0.0096948771
        0.0463974453   0.0000264074   0.0034166078   0.0011600169  -0.0000097029
       -0.0002775741  -0.0000854874   0.0000055981   0.1331443469  -0.1997026610
       -0.0001157292   0.0029724148  -0.0033119231  -0.0000067999  -0.0010587559
        0.0007225839  -0.0000014053  -0.0283177755  -0.0075172618  -0.0000017917
       -0.0004592156   0.0002708227  -0.0000002267   0.0000878946   0.0000854310
        0.0000981426   0.0000427083   0.0000198554  -0.0000017148   0.0000810395
        0.0000852419  -0.0000969184   0.0001892393  -0.0006199793  -0.0000008976
        0.0000024849  -0.0000064405   0.0064520141   0.0000010978   0.0000007655
        0.0007804135   0.0000060686   0.0000074014   0.0001994102  -0.0000487373
       -0.0001306253  -0.0493422499  -0.0000868788   0.0003055795   0.1117811790
        0.0000221125  -0.0000344156   0.0012649029   0.0000274312  -0.0000279910
       -0.0411118509  -0.0000157255  -0.0000103936  -0.0024890717   0.0000078961
        0.0000240043  -0.0017127715  -0.0000025966  -0.0000024745  -0.0000563237
        0.0000035241   0.0000010673   0.0003367641   0.0000944374  -0.0001156631
       -0.0338429084   0.0000030390  -0.0000063113   0.0064589573   0.0000001687
       -0.0000025610   0.0016206399  -0.0000148128  -0.0000034103  -0.0003441192
       -0.0000002371   0.0000002783  -0.0001924477   0.0000622440   0.0000761828
        0.0000132249  -0.0000025546   0.0000018650  -0.0000420428  -0.0000589474
       -0.0000764014   0.0000108730  -0.0000000142  -0.0000004566   0.0002154067
       -0.0001718720   0.0006038607   0.0000012875  -0.0000306727   0.0008588962
        0.0000010064  -0.0505633420   0.0286623852   0.0000392571  -0.1691497721
        0.0675448174   0.0000699942   0.0499285489   0.0465320039   0.0000221125
        0.6775544995   0.0172094751  -0.0000778050  -0.0554004481   0.0199405411
        0.0000169441  -0.3450965727  -0.0090968990   0.0000125538  -0.0124957243
       -0.0903333295  -0.0000510696  -0.0006513043  -0.0049760014  -0.0000139339
       -0.0022761497   0.0007613749   0.0000048031  -0.0002838614  -0.0022783750
       -0.0000018482  -0.0690249880  -0.0781589280  -0.0000293563   0.0008890091
        0.0028793532   0.0000021882  -0.0005049883   0.0006028581  -0.0000011649
       -0.0216997030  -0.0013317556   0.0000019742   0.0001435323   0.0001466456
        0.0001524210  -0.0005136834  -0.0001720974   0.0000011025   0.0001498955
        0.0001560106  -0.0001516906  -0.0008024033   0.0004491638   0.0000012240
        0.0000761757  -0.0062784120  -0.0000073192   0.0001576369   0.0024332359
       -0.0000004606   0.0052587404   0.0041453617   0.0000021742   0.1416014044
       -0.2208708219  -0.0001279027  -0.0058314103  -0.0585156105  -0.0000344156
        0.0172094751   0.6555856698   0.0003044622   0.0205324504  -0.0044428844
       -0.0000040440  -0.0822949853  -0.1012101232  -0.0000243582  -0.0340728160
        0.0073471598   0.0000087861  -0.0013138367  -0.0023656809   0.0000055647
       -0.0004615937  -0.0001228260  -0.0000045970  -0.0021281734  -0.0050578227
       -0.0000049121  -0.0767281925  -0.2753701941  -0.0001176071  -0.0026221738
        0.0019481549   0.0000029425   0.0003596616   0.0007991638   0.0000001269
        0.0221594322   0.0028626895   0.0000015456  -0.0000937605   0.0000163278
       -0.0000905345  -0.0000946102  -0.0000847833  -0.0000000019  -0.0000905126
        0.0000177127   0.0000917067  -0.0016229119  -0.0008363166  -0.0000011559
        0.0000035183  -0.0000064079   0.0053320275  -0.0000007962   0.0000000320
       -0.0000790480   0.0000265515  -0.0000093512   0.0026101434   0.0001029951
       -0.0001117973  -0.0490901351  -0.0000097068  -0.0000389871   0.0012649029
       -0.0000778050   0.0003044622   0.1104016810   0.0000172383  -0.0000028087
       -0.0031388157  -0.0000172417  -0.0000309961  -0.0404578206  -0.0000221923
        0.0000132387  -0.0022164491   0.0000002624   0.0000014762   0.0004179008
        0.0000009865   0.0000011300   0.0002807741   0.0000000684  -0.0000057362
        0.0069328061  -0.0000343960  -0.0001160312  -0.0321329216  -0.0000028121
        0.0000022377  -0.0008756978   0.0000003518   0.0000005408  -0.0000233612
        0.0000140238   0.0000020150  -0.0003741675   0.0000699608   0.0000425898
       -0.0000087224  -0.0000040112  -0.0000021513   0.0000073917  -0.0000663045
       -0.0000420843  -0.0000104503  -0.0000006911  -0.0000013710   0.0011599618
       -0.0510971725   0.0297944764   0.0000175274  -0.0010774621   0.0025660784
        0.0000007206   0.0002345101   0.0005775456  -0.0000021163  -0.0143254027
       -0.0894861123  -0.0000498767  -0.3322953118  -0.0061851035   0.0000274312
       -0.0554004481   0.0205324504   0.0000172383   0.6671364153   0.0086808923
       -0.0000331330   0.0502632347   0.0471109555   0.0000194402  -0.1732243513
        0.0654680307   0.0000389676   0.0000319396  -0.0017335436   0.0000049355
       -0.0001402623  -0.0001406801  -0.0000061769  -0.0218878514  -0.0016944887
       -0.0000027939  -0.0003968017   0.0005754284   0.0000022728  -0.0001673282
        0.0002601734   0.0000020806  -0.0691574624  -0.0761935597  -0.0000398770
       -0.0001432380  -0.0024489060  -0.0000005896  -0.0000414789  -0.0000382373
        0.0000162399  -0.0000108684   0.0000153329   0.0000007097  -0.0000359411
       -0.0000348288  -0.0000155072   0.0017352813   0.0023740960   0.0000025070
       -0.0007572674   0.0040414416  -0.0000009474   0.0018495627  -0.0019271850
       -0.0000012307   0.0010740819  -0.0066871699  -0.0000100460  -0.0334242359
        0.0065549729   0.0000108324  -0.0811564081  -0.1009632274  -0.0000279910
        0.0199405411  -0.0044428844  -0.0000028087   0.0086808923   0.6617158320
        0.0002911400  -0.0055943065  -0.0575295079  -0.0000320071   0.1492501813
       -0.2285070404  -0.0001031574  -0.0018674616   0.0017662279  -0.0000033014
        0.0004275464   0.0005421922   0.0000104690   0.0212927148   0.0032698208
       -0.0000003632   0.0002760872   0.0008296652  -0.0000003695  -0.0014699114
       -0.0006683975   0.0000011530  -0.0752073486  -0.2748156776  -0.0001212708
       -0.0018601894  -0.0052391292  -0.0000067892   0.0000779818   0.0000386258
        0.0000696343  -0.0000315891   0.0000152601  -0.0000026002   0.0000752253
        0.0000399561  -0.0000723040  -0.0015760969   0.0019662245   0.0000019580
        0.0000025511  -0.0000015873   0.0051906405   0.0000010620  -0.0000032815
        0.0003538600   0.0000012770  -0.0000054441   0.0063306748  -0.0000150155
        0.0000192348  -0.0012041475  -0.0000243920  -0.0000390710  -0.0411118509
        0.0000169441  -0.0000040440  -0.0031388157  -0.0000331330   0.0002911400
        0.1080007309  -0.0000090070  -0.0000381576   0.0005552241   0.0000848878
       -0.0000949236  -0.0498525967   0.0000008363   0.0000016970   0.0001369052
       -0.0000011821  -0.0000023127  -0.0005966468   0.0000155369   0.0000016892
        0.0004472457   0.0000002237   0.0000004013  -0.0000810977   0.0000015288
        0.0000005806   0.0006573554  -0.0000376600  -0.0001220901  -0.0316967680
       -0.0000009451  -0.0000070435   0.0069297160  -0.0000697423  -0.0000693814
        0.0000190756   0.0000029255   0.0000027483  -0.0000290479   0.0000645984
        0.0000682147   0.0000191354  -0.0000012946   0.0000016308  -0.0009295926
       -0.0283397908  -0.0447158885  -0.0000262295   0.0003492276   0.0010639088
       -0.0000000929  -0.0008510843   0.0021767801   0.0000033027  -0.0521350609
        0.0656052147   0.0000367946  -0.0351329411  -0.0321772273  -0.0000157255
       -0.3450965727  -0.0822949853  -0.0000172417   0.0502632347  -0.0055943065
       -0.0000090070   0.6964843284  -0.0083520807  -0.0000408044  -0.1079221762
       -0.0200302425  -0.0000120955  -0.0008042198  -0.0016231915   0.0000040555
       -0.0003308851  -0.0001029637  -0.0000027931   0.0001661056  -0.0008356944
        0.0000017550  -0.0122177947  -0.0047050521  -0.0000043748  -0.0002090936
       -0.0001085439  -0.0000008699  -0.0020057741   0.0036942047   0.0000037568
       -0.1571310444   0.1297586706   0.0000807945  -0.0000612849   0.0000054639
       -0.0000214895  -0.0000457928  -0.0000580842  -0.0000010867  -0.0000587036
        0.0000064146   0.0000229223  -0.0049206773  -0.0017123968  -0.0000015709
       -0.0175084089  -0.0114612176  -0.0000085570  -0.0001140892   0.0025490194
        0.0000001013   0.0018479085  -0.0034329660  -0.0000036480   0.0096570558
        0.0445140757   0.0000205266  -0.0320434468  -0.0243992672  -0.0000103936
       -0.0090968990  -0.1012101232  -0.0000309961   0.0471109555  -0.0575295079
       -0.0000381576  -0.0083520807   0.6474677096   0.0003300154  -0.0983775064
       -0.2892146331  -0.0001428510   0.0026652637  -0.0027162077   0.0000045440
       -0.0000001907  -0.0004373718  -0.0000098374  -0.0003529473   0.0002418809
        0.0000015077  -0.0285940712  -0.0078166513  -0.0000005732   0.0002635316
       -0.0005524731  -0.0000007980   0.0030458659  -0.0032652349  -0.0000047818
        0.1303548670  -0.1926813188  -0.0001078538  -0.0000782122  -0.0000360531
       -0.0000495834   0.0000552114   0.0000403931   0.0000021876  -0.0000764657
       -0.0000366142   0.0000503347  -0.0004063415  -0.0000234387  -0.0000011866
       -0.0000102700  -0.0000079260   0.0036175415   0.0000002309   0.0000020798
       -0.0000662306   0.0000075692  -0.0000044198   0.0053346904   0.0000084077
        0.0000154544  -0.0007179409  -0.0000129031  -0.0000066461  -0.0024890717
        0.0000125538  -0.0000243582  -0.0404578206   0.0000194402  -0.0000320071
        0.0005552241  -0.0000408044   0.0003300154   0.1092135502  -0.0000555443
       -0.0001527228  -0.0515246107   0.0000022165  -0.0000020727   0.0012564741
        0.0000005765  -0.0000023355  -0.0004678172  -0.0000003895   0.0000003009
       -0.0000822207  -0.0000139063  -0.0000034184  -0.0000617492  -0.0000023861
        0.0000016979   0.0001370629   0.0000020457  -0.0000053903   0.0068116265
        0.0000831387  -0.0001059136  -0.0325426242  -0.0000560657  -0.0000093966
       -0.0000114234   0.0000017936  -0.0000000337  -0.0000232649   0.0000545098
        0.0000079185  -0.0000104041  -0.0000002132  -0.0000008259   0.0015290085
       -0.2710910110  -0.0294735035  -0.0000104854   0.0010161199  -0.0073661465
       -0.0000022872   0.0122007255  -0.0022955679  -0.0000004657  -0.0060410638
        0.0115669834   0.0000095624  -0.0521915462   0.0096948771   0.0000078961
       -0.0124957243  -0.0340728160  -0.0000221923  -0.1732243513   0.1492501813
        0.0000848878  -0.1079221762  -0.0983775064  -0.0000555443   0.6286276394
       -0.0064418360  -0.0000133609  -0.0071604172   0.0106630919  -0.0000051901
        0.0018593823   0.0007065160   0.0000305283  -0.0041374569  -0.0012317358
        0.0000001160  -0.0045227285  -0.0007868958  -0.0000017607  -0.0000930571
       -0.0005540560  -0.0000039839   0.0047833352  -0.0080490606  -0.0000045282
        0.0057127635   0.0206881402   0.0000143163   0.0000870569   0.0000877468
        0.0001617571   0.0001129629  -0.0000861438  -0.0000109225   0.0000764351
        0.0000851600  -0.0001694420  -0.0155968883  -0.0140074283  -0.0000089006
       -0.0005620920  -0.0791841258  -0.0000294360  -0.0004283250  -0.0002049631
        0.0000002522   0.0004542340   0.0005979999  -0.0000019890   0.0122648944
       -0.0651685999  -0.0000333345   0.0679578548   0.0463974453   0.0000240043
       -0.0903333295   0.0073471598   0.0000132387   0.0654680307  -0.2285070404
       -0.0000949236  -0.0200302425  -0.2892146331  -0.0001527228  -0.0064418360
        0.6612935013   0.0003183832  -0.0007130366   0.0010836864  -0.0000013612
        0.0002387702   0.0000995072   0.0000039515  -0.0020257655   0.0010426627
       -0.0000059195  -0.0001711046   0.0015075093  -0.0000034200   0.0001114459
        0.0003652990   0.0000011961   0.0163143386  -0.0260903379  -0.0000169865
       -0.0049884536  -0.0255016832  -0.0000149588   0.0000506866   0.0000155799
        0.0000437482  -0.0000048055   0.0000266894  -0.0000006414   0.0000507868
        0.0000155109  -0.0000459108  -0.0372120512  -0.0059211676  -0.0000031702
        0.0000092315  -0.0000278498  -0.0346142128  -0.0000007988  -0.0000000411
       -0.0001083312  -0.0000006210  -0.0000001571   0.0002869573   0.0000070498
       -0.0000347004  -0.0061756835   0.0000422852   0.0000264074  -0.0017127715
       -0.0000510696   0.0000087861  -0.0022164491   0.0000389676  -0.0001031574
       -0.0498525967  -0.0000120955  -0.0001428510  -0.0515246107  -0.0000133609
        0.0003183832   0.1277981451   0.0000005627  -0.0000001960   0.0001690629
       -0.0000002020  -0.0000003147  -0.0001235323   0.0000008139  -0.0000042977
        0.0083252357   0.0000018033  -0.0000036962   0.0086538305  -0.0000015380
        0.0000017250   0.0001626672   0.0000086147  -0.0000143955   0.0011101432
       -0.0000033551  -0.0000180730   0.0019826511  -0.0000209828  -0.0000080149
       -0.0000300545   0.0000006561  -0.0000002613  -0.0000014186   0.0000219216
        0.0000079435  -0.0000290012  -0.0000278826  -0.0000052391  -0.0021000310
        0.0080182837   0.0010545938  -0.0000004382  -0.0779793797  -0.0500394381
       -0.0000070616  -0.2195168213   0.1054029603   0.0002162152  -0.0465589585
        0.0076960807   0.0000285893   0.0016555028   0.0034166078  -0.0000025966
       -0.0006513043  -0.0013138367   0.0000002624   0.0000319396  -0.0018674616
        0.0000008363  -0.0008042198   0.0026652637   0.0000022165  -0.0071604172
       -0.0007130366   0.0000005627   0.5115915118  -0.0095384764  -0.0001087870
       -0.1490499240  -0.0374372123   0.0003365730   0.0013076961  -0.0011966977
       -0.0000014552  -0.0002077783  -0.0004987015  -0.0000000779   0.0067551964
        0.0016795601  -0.0000113126   0.0005393189   0.0004374561  -0.0000003688
        0.0000620362  -0.0004204743   0.0000009266  -0.0017415456  -0.0056084650
       -0.0010156642  -0.0245033784  -0.0081204321  -0.0000411967  -0.0011202959
       -0.0053186442   0.0006030153  -0.0006674625  -0.0002796461  -0.0000002386
       -0.0107158516  -0.0016060982  -0.0000014746  -0.0321950566  -0.5818264696
       -0.0000171956   0.0867872636  -0.1512606791  -0.0001382208   0.0103938804
        0.0142472452  -0.0000055028   0.0016309814   0.0011600169  -0.0000024745
       -0.0049760014  -0.0023656809   0.0000014762  -0.0017335436   0.0017662279
        0.0000016970  -0.0016231915  -0.0027162077  -0.0000020727   0.0106630919
        0.0010836864  -0.0000001960  -0.0095384764   0.8493498048   0.0003314130
       -0.0498912745  -0.0862547073   0.0001347582  -0.0054531748  -0.0022133520
        0.0000015842   0.0006737346   0.0000715811   0.0000000571   0.0180886771
       -0.0260224412   0.0000105893  -0.0006687719  -0.0003798262  -0.0000000649
       -0.0006707628   0.0003969869  -0.0000016213  -0.0141206347  -0.0110988461
       -0.0038437963   0.0171956761   0.0091351197  -0.0000976678  -0.0145922189
       -0.0118108893   0.0036300264   0.0007456537   0.0003445285  -0.0000013140
        0.0000030378   0.0000005881  -0.0002617130   0.0000180182  -0.0000610565
       -0.0595482901   0.0001831341  -0.0001944830  -0.0389289495   0.0000595563
        0.0000232431  -0.0047924171  -0.0000035810  -0.0000097029  -0.0000563237
       -0.0000139339   0.0000055647   0.0004179008   0.0000049355  -0.0000033014
        0.0001369052   0.0000040555   0.0000045440   0.0012564741  -0.0000051901
       -0.0000013612   0.0001690629  -0.0001087870   0.0003314130   0.1777565552
       -0.0000988421   0.0000082329  -0.0693013873  -0.0000025683   0.0000001579
       -0.0001247467  -0.0000001726   0.0000003264  -0.0000820598   0.0000264810
       -0.0000071944  -0.0049122455  -0.0000001310   0.0000001920   0.0000346349
       -0.0000002201  -0.0000002848  -0.0000233192  -0.0217448116  -0.0135020677
       -0.0011522572   0.0005800341   0.0002845436   0.0004194492   0.0210994784
        0.0131211947  -0.0010282141  -0.0000004937  -0.0000005487   0.0000209409
       -0.0019177962  -0.0002514828   0.0000006507  -0.0032714828  -0.0171968574
        0.0000628802  -0.0534243189  -0.0062149332   0.0000026875   0.0012176724
        0.0046142082   0.0000013378  -0.0003387835  -0.0002775741   0.0000035241
       -0.0022761497  -0.0004615937   0.0000009865  -0.0001402623   0.0004275464
       -0.0000011821  -0.0003308851  -0.0000001907   0.0000005765   0.0018593823
        0.0002387702  -0.0000002020  -0.1490499240  -0.0498912745  -0.0000988421
        0.4723939708  -0.0430950884  -0.0005879293   0.0000968191   0.0002055369
        0.0000004359   0.0000271387  -0.0000610500  -0.0000001725   0.0001418281
       -0.0021827763  -0.0000045859  -0.0001928697  -0.0001426702   0.0000002321
       -0.0002875894   0.0000666311  -0.0000002190  -0.0413149343  -0.0060419293
       -0.0130551379  -0.1822900642   0.1243442990   0.0038852980  -0.0410883608
       -0.0041603925   0.0097892881   0.0001866097   0.0000808215   0.0000003732
       -0.0008390406  -0.0000425479   0.0000007752  -0.0402500659  -0.0468037274
       -0.0000893256   0.0079155189   0.0090025762   0.0000476452   0.0022413111
       -0.0004969993   0.0000305488   0.0001728820  -0.0000854874   0.0000010673
        0.0007613749  -0.0001228260   0.0000011300  -0.0001406801   0.0005421922
       -0.0000023127  -0.0001029637  -0.0004373718  -0.0000023355   0.0007065160
        0.0000995072  -0.0000003147  -0.0374372123  -0.0862547073   0.0000082329
       -0.0430950884   0.5153294905  -0.0007443842   0.0007554797   0.0001593764
        0.0000000668   0.0000009138   0.0001989022   0.0000012078   0.0005733719
        0.0000060568  -0.0000269706   0.0001117845   0.0000453038  -0.0000006723
        0.0000359465   0.0000532862   0.0000005993  -0.0075024141  -0.1139736034
       -0.1134986586   0.1217211172  -0.1534447326  -0.0031694199  -0.0056445881
       -0.1237490415   0.1174432384   0.0000158367  -0.0000256469  -0.0000001175
       -0.0000304535  -0.0000045835   0.0001979137   0.0000704933  -0.0000413547
        0.0177210632  -0.0000263503   0.0001367675   0.0061904800   0.0000412341
        0.0000090231   0.0052164043   0.0000051918   0.0000055981   0.0003367641
        0.0000048031  -0.0000045970   0.0002807741  -0.0000061769   0.0000104690
       -0.0005966468  -0.0000027931  -0.0000098374  -0.0004678172   0.0000305283
        0.0000039515  -0.0001235323   0.0003365730   0.0001347582  -0.0693013873
       -0.0005879293  -0.0007443842   0.4945912018   0.0000021735   0.0000006726
        0.0001936462  -0.0000012931   0.0000007267   0.0000304395  -0.0000389218
       -0.0000133163  -0.0015123618  -0.0000005702  -0.0000012793  -0.0000199002
       -0.0000006968   0.0000010439  -0.0000394878  -0.0164936364  -0.1166493812
       -0.2086392382   0.0038263558  -0.0032122525  -0.0443557756   0.0128689761
        0.1203762594  -0.1996916934   0.0000024925   0.0000017160  -0.0000108466
       -0.0017524770   0.0010363440   0.0000001907  -0.0050575814   0.0020606679
        0.0000012990  -0.0013697149   0.0015263184   0.0000019399   0.0069128789
       -0.0059235942  -0.0000041471  -0.1525023302   0.1331443469   0.0000944374
       -0.0002838614  -0.0021281734   0.0000000684  -0.0218878514   0.0212927148
        0.0000155369   0.0001661056  -0.0003529473  -0.0000003895  -0.0041374569
       -0.0020257655   0.0000008139   0.0013076961  -0.0054531748  -0.0000025683
        0.0000968191   0.0007554797   0.0000021735   0.1775439455  -0.1442542830
       -0.0001069110   0.0002431176  -0.0006296141  -0.0000002952  -0.0001375839
       -0.0000007428  -0.0000000958   0.0007462990   0.0008262330  -0.0000000534
        0.0000587239  -0.0001005951  -0.0000001759   0.0000675234   0.0000589855
        0.0000230585  -0.0001044425   0.0000105446   0.0000007965   0.0000726630
        0.0000643742  -0.0000258291   0.0000175277   0.0000928810   0.0000001507
       -0.0003223456   0.0000308016   0.0000002261   0.0012618323   0.0013631889
        0.0000000644   0.0004142644   0.0014716710   0.0000012400   0.0187243816
       -0.0250607300  -0.0000182103   0.1308835791  -0.1997026610  -0.0001156631
       -0.0022783750  -0.0050578227  -0.0000057362  -0.0016944887   0.0032698208
        0.0000016892  -0.0008356944   0.0002418809   0.0000003009  -0.0012317358
        0.0010426627  -0.0000042977  -0.0011966977  -0.0022133520   0.0000001579
        0.0002055369   0.0001593764   0.0000006726  -0.1442542830   0.2242418444
        0.0001378132   0.0008643928  -0.0013859780  -0.0000012127   0.0003398800
        0.0004046055   0.0000006794  -0.0008851501   0.0010181718   0.0000024005
       -0.0000573338   0.0000709538   0.0000009905   0.0000413392  -0.0000159931
       -0.0000098171   0.0000155024   0.0000743625   0.0000008085   0.0000431836
       -0.0000166867   0.0000078509  -0.0000377881   0.0000638832   0.0000000429
        0.0000014795   0.0000004044  -0.0001619458   0.0000018499  -0.0000019064
       -0.0004320216  -0.0000017818   0.0000019761  -0.0021712765   0.0000100709
       -0.0000181485   0.0015904740   0.0000977347  -0.0001157292  -0.0338429084
       -0.0000018482  -0.0000049121   0.0069328061  -0.0000027939  -0.0000003632
        0.0004472457   0.0000017550   0.0000015077  -0.0000822207   0.0000001160
       -0.0000059195   0.0083252357  -0.0000014552   0.0000015842  -0.0001247467
        0.0000004359   0.0000000668   0.0001936462  -0.0001069110   0.0001378132
        0.0240488585   0.0000004671  -0.0000002812  -0.0002760629   0.0000027264
       -0.0000007302   0.0000141832  -0.0000008446   0.0000019333  -0.0029098351
        0.0000001312   0.0000011629  -0.0015934455   0.0000144128  -0.0000095631
       -0.0000025147   0.0000010573   0.0000017613   0.0000324279  -0.0000160697
        0.0000096010  -0.0000040996  -0.0000005323  -0.0000002575   0.0000162002
       -0.0012369688  -0.0017846122  -0.0000012945  -0.0000005849  -0.0005176428
       -0.0000003365   0.0018486097   0.0023983178  -0.0000002035   0.0046050043
        0.0150966436   0.0000084916  -0.0019836274   0.0029724148   0.0000030390
       -0.0690249880  -0.0767281925  -0.0000343960  -0.0003968017   0.0002760872
        0.0000002237  -0.0122177947  -0.0285940712  -0.0000139063  -0.0045227285
       -0.0001711046   0.0000018033  -0.0002077783   0.0006737346  -0.0000001726
        0.0000271387   0.0000009138  -0.0000012931   0.0002431176   0.0008643928
        0.0000004671   0.0841020962   0.0874467546   0.0000360839  -0.0014902482
       -0.0007875066   0.0000015494  -0.0001572589  -0.0001009647  -0.0000002119
        0.0006900497  -0.0008375250  -0.0000008530  -0.0000256608   0.0000152080
       -0.0000471463   0.0000545889   0.0000041295   0.0000000445  -0.0000282370
        0.0000123453   0.0000482954  -0.0002779281  -0.0002393223  -0.0000001842
       -0.0005941404  -0.0006875362  -0.0000005498   0.0001352086   0.0001757788
       -0.0000000931  -0.0016215318   0.0012143625   0.0000020447  -0.0070094442
       -0.0253168326  -0.0000131839   0.0038746530  -0.0033119231  -0.0000063113
       -0.0781589280  -0.2753701941  -0.0001160312   0.0005754284   0.0008296652
        0.0000004013  -0.0047050521  -0.0078166513  -0.0000034184  -0.0007868958
        0.0015075093  -0.0000036962  -0.0004987015   0.0000715811   0.0000003264
       -0.0000610500   0.0001989022   0.0000007267  -0.0006296141  -0.0013859780
       -0.0000002812   0.0874467546   0.3089492304   0.0001375023   0.0013190482
       -0.0002392535   0.0000003370  -0.0000470609   0.0000262832   0.0000009628
        0.0007056733   0.0010022024   0.0000019229   0.0000339021   0.0000316001
        0.0000571730  -0.0000627660   0.0000205385   0.0000002420   0.0000363877
        0.0000350533  -0.0000582515   0.0000481290   0.0000656620   0.0000001774
        0.0000009465  -0.0000001297   0.0001686152   0.0000001866   0.0000019615
        0.0000590981   0.0000004029   0.0000008348  -0.0017992032  -0.0000090171
       -0.0000135191   0.0010495882   0.0000036421  -0.0000067999   0.0064589573
       -0.0000293563  -0.0001176071  -0.0321329216   0.0000022728  -0.0000003695
       -0.0000810977  -0.0000043748  -0.0000005732  -0.0000617492  -0.0000017607
       -0.0000034200   0.0086538305  -0.0000000779   0.0000000571  -0.0000820598
       -0.0000001725   0.0000012078   0.0000304395  -0.0000002952  -0.0000012127
       -0.0002760629   0.0000360839   0.0001375023   0.0227873275  -0.0000020261
        0.0000010927  -0.0000643985  -0.0000000466   0.0000008762  -0.0015406344
       -0.0000002387   0.0000023177  -0.0029466910  -0.0000214238   0.0000059412
       -0.0000030801  -0.0000012947  -0.0000027294   0.0000037461   0.0000258761
       -0.0000059078   0.0000012592   0.0000006735   0.0000004768  -0.0002249634
        0.0003217766   0.0001880622  -0.0000026521  -0.0044553023   0.0082183829
        0.0000050741  -0.0582604557  -0.0618871178  -0.0000288378  -0.0074870522
       -0.0271019451  -0.0000259187  -0.0056827677  -0.0010587559   0.0000001687
        0.0008890091  -0.0026221738  -0.0000028121  -0.0001673282  -0.0014699114
        0.0000015288  -0.0002090936   0.0002635316  -0.0000023861  -0.0000930571
        0.0001114459  -0.0000015380   0.0067551964   0.0180886771   0.0000264810
        0.0001418281   0.0005733719  -0.0000389218  -0.0001375839   0.0003398800
        0.0000027264  -0.0014902482   0.0013190482  -0.0000020261   0.0719312573
        0.0646756232   0.0000263772  -0.0004597852  -0.0000400445   0.0000011785
        0.0000602622   0.0000269057  -0.0000043691  -0.0006962871   0.0003311435
       -0.0010768553  -0.0002171970  -0.0003394136   0.0000066994  -0.0007924504
        0.0003165792   0.0011175742   0.0000492789   0.0000667110  -0.0000014912
        0.0007151004   0.0001666802   0.0000019443   0.0045438782  -0.0003840204
       -0.0000156550  -0.0599219929  -0.3688154181  -0.0003606434  -0.0102005350
       -0.0111905554  -0.0000044432  -0.0007835143   0.0007225839  -0.0000025610
        0.0028793532   0.0019481549   0.0000022377   0.0002601734  -0.0006683975
        0.0000005806  -0.0001085439  -0.0005524731   0.0000016979  -0.0005540560
        0.0003652990   0.0000017250   0.0016795601  -0.0260224412  -0.0000071944
       -0.0021827763   0.0000060568  -0.0000133163  -0.0000007428   0.0004046055
       -0.0000007302  -0.0007875066  -0.0002392535   0.0000010927   0.0646756232
        0.4033072970   0.0003597665  -0.0001195833   0.0000745947   0.0000003455
        0.0002359260   0.0000465970   0.0000023173   0.0001618829   0.0004228179
        0.0002085488  -0.0006162863   0.0000080083   0.0000034287   0.0001873826
        0.0004773342  -0.0001806951  -0.0000633425  -0.0000774705   0.0000015537
        0.0000032826   0.0000015448  -0.0000858698   0.0000067110  -0.0000098750
        0.0064527839  -0.0000252619  -0.0003932690  -0.0119758410  -0.0000059461
        0.0000156213  -0.0016759821   0.0000038445  -0.0000014053   0.0016206399
        0.0000021882   0.0000029425  -0.0008756978   0.0000020806   0.0000011530
        0.0006573554  -0.0000008699  -0.0000007980   0.0001370629  -0.0000039839
        0.0000011961   0.0001626672  -0.0000113126   0.0000105893  -0.0049122455
       -0.0000045859  -0.0000269706  -0.0015123618  -0.0000000958   0.0000006794
        0.0000141832   0.0000015494   0.0000003370  -0.0000643985   0.0000263772
        0.0003597665   0.0125439403   0.0000001097   0.0000009549  -0.0001706943
        0.0000008299   0.0000007388   0.0000045974  -0.0007586839  -0.0001020039
       -0.0001170585   0.0000103571   0.0000004935  -0.0000653063   0.0007534506
        0.0001371760  -0.0001079454  -0.0000000408   0.0000011286  -0.0000298293
        0.0028160807   0.0011461885   0.0000006330   0.0000348423   0.0003389312
        0.0000002735  -0.0010173440  -0.0014831237  -0.0000012271  -0.0049662621
       -0.0004139954   0.0000011437  -0.0121212172  -0.0283177755  -0.0000148128
       -0.0005049883   0.0003596616   0.0000003518  -0.0691574624  -0.0752073486
       -0.0000376600  -0.0020057741   0.0030458659   0.0000020457   0.0047833352
        0.0163143386   0.0000086147   0.0005393189  -0.0006687719  -0.0000001310
       -0.0001928697   0.0001117845  -0.0000005702   0.0007462990  -0.0008851501
       -0.0000008446  -0.0001572589  -0.0000470609  -0.0000000466  -0.0004597852
       -0.0001195833   0.0000001097   0.0804443832   0.0844518676   0.0000407312
        0.0002130235   0.0008594314   0.0000005949   0.0000022318   0.0000873766
        0.0000093516  -0.0000044386   0.0001070439   0.0000006967   0.0000026355
        0.0000889912  -0.0000092603   0.0010052505   0.0002313282   0.0000000061
       -0.0012361195   0.0015900616   0.0000018358  -0.0000280808   0.0001966732
       -0.0000000236  -0.0005013385  -0.0003886582  -0.0000006655  -0.0009912654
        0.0014831893  -0.0000031833  -0.0046199189  -0.0075172618  -0.0000034103
        0.0006028581   0.0007991638   0.0000005408  -0.0761935597  -0.2748156776
       -0.0001220901   0.0036942047  -0.0032652349  -0.0000053903  -0.0080490606
       -0.0260903379  -0.0000143955   0.0004374561  -0.0003798262   0.0000001920
       -0.0001426702   0.0000453038  -0.0000012793   0.0008262330   0.0010181718
        0.0000019333  -0.0001009647   0.0000262832   0.0000008762  -0.0000400445
        0.0000745947   0.0000009549   0.0844518676   0.3077682100   0.0001439381
       -0.0004408917  -0.0015487104  -0.0000009804  -0.0000013070   0.0000456785
       -0.0000018041  -0.0000100514   0.0000796756   0.0000008307  -0.0000016786
        0.0000453173   0.0000015798   0.0023443320   0.0008333841   0.0000005408
        0.0000006578   0.0000025178  -0.0016235871  -0.0000004484  -0.0000024898
        0.0000032434  -0.0000006384   0.0000002548   0.0002487753   0.0000004882
       -0.0000040710   0.0081646599  -0.0000001928  -0.0000017917  -0.0003441192
       -0.0000011649   0.0000001269  -0.0000233612  -0.0000398770  -0.0001212708
       -0.0316967680   0.0000037568  -0.0000047818   0.0068116265  -0.0000045282
       -0.0000169865   0.0011101432  -0.0000003688  -0.0000000649   0.0000346349
        0.0000002321  -0.0000006723  -0.0000199002  -0.0000000534   0.0000024005
       -0.0029098351  -0.0000002119   0.0000009628  -0.0015406344   0.0000011785
        0.0000003455  -0.0001706943   0.0000407312   0.0001439381   0.0227476232
       -0.0000002272  -0.0000005541  -0.0004020979  -0.0000045506  -0.0000068560
        0.0000016169   0.0000012697   0.0000023972   0.0000047282   0.0000033072
        0.0000066312   0.0000001243   0.0000006402  -0.0000000360  -0.0003961784
        0.0010701021   0.0006154124   0.0000008811  -0.0000587293   0.0002448250
        0.0000000918  -0.0016866954   0.0014000252   0.0000013647  -0.0043612094
       -0.0021618547   0.0000003331   0.0000752195  -0.0004592156  -0.0000002371
       -0.0216997030   0.0221594322   0.0000140238  -0.0001432380  -0.0018601894
       -0.0000009451  -0.1571310444   0.1303548670   0.0000831387   0.0057127635
       -0.0049884536  -0.0000033551   0.0000620362  -0.0006707628  -0.0000002201
       -0.0002875894   0.0000359465  -0.0000006968   0.0000587239  -0.0000573338
        0.0000001312   0.0006900497   0.0007056733  -0.0000002387   0.0000602622
        0.0002359260   0.0000008299   0.0002130235  -0.0004408917  -0.0000002272
        0.1774781212  -0.1449211022  -0.0000953336   0.0000212490   0.0000096790
        0.0000061744  -0.0000323972  -0.0000098807   0.0000004535   0.0000222041
        0.0000101274  -0.0000059465  -0.0000631487  -0.0002022295  -0.0000002220
        0.0003359378   0.0018272316   0.0000027736   0.0001054468  -0.0002604327
       -0.0000002799   0.0000946363  -0.0000817727  -0.0000004978  -0.0014212263
        0.0011375366  -0.0000041830  -0.0008210604   0.0002708227   0.0000002783
       -0.0013317556   0.0028626895   0.0000020150  -0.0024489060  -0.0052391292
       -0.0000070435   0.1297586706  -0.1926813188  -0.0001059136   0.0206881402
       -0.0255016832  -0.0000180730  -0.0004204743   0.0003969869  -0.0000002848
        0.0000666311   0.0000532862   0.0000010439  -0.0001005951   0.0000709538
        0.0000011629  -0.0008375250   0.0010022024   0.0000023177   0.0000269057
        0.0000465970   0.0000007388   0.0008594314  -0.0015487104  -0.0000005541
       -0.1449211022   0.2165970122   0.0001262717   0.0000009201   0.0000019358
        0.0000089401  -0.0000087716  -0.0000023561  -0.0000002384   0.0000002547
        0.0000013292  -0.0000092280   0.0003744420   0.0010468193   0.0000007538
       -0.0000009934   0.0000025553  -0.0028773112  -0.0000001333   0.0000026798
        0.0000260315  -0.0000002915  -0.0000003347   0.0002460967   0.0000017125
       -0.0000040571   0.0082844040  -0.0000014186  -0.0000002267  -0.0001924477
        0.0000019742   0.0000015456  -0.0003741675  -0.0000005896  -0.0000067892
        0.0069297160   0.0000807945  -0.0001078538  -0.0325426242   0.0000143163
       -0.0000149588   0.0019826511   0.0000009266  -0.0000016213  -0.0000233192
       -0.0000002190   0.0000005993  -0.0000394878  -0.0000001759   0.0000009905
       -0.0015934455  -0.0000008530   0.0000019229  -0.0029466910  -0.0000043691
        0.0000023173   0.0000045974   0.0000005949  -0.0000009804  -0.0004020979
       -0.0000953336   0.0001262717   0.0234609070   0.0000000653  -0.0000039349
       -0.0000053618  -0.0000007085  -0.0000019958  -0.0000022970   0.0000039731
        0.0000031168  -0.0000016574   0.0000007283   0.0000007534   0.0000665043
       -0.0000599436  -0.0000073721   0.0000314488  -0.0035239264  -0.0035100539
        0.0017279317  -0.0012099241  -0.0005225179   0.0012468863  -0.0004375256
       -0.0000303772   0.0005620208   0.0000530108   0.0000878946   0.0000622440
        0.0001435323  -0.0000937605   0.0000699608  -0.0000414789   0.0000779818
       -0.0000697423  -0.0000612849  -0.0000782122  -0.0000560657   0.0000870569
        0.0000506866  -0.0000209828  -0.0017415456  -0.0141206347  -0.0217448116
       -0.0413149343  -0.0075024141  -0.0164936364   0.0000675234   0.0000413392
        0.0000144128  -0.0000256608   0.0000339021  -0.0000214238  -0.0006962871
        0.0001618829  -0.0007586839   0.0000022318  -0.0000013070  -0.0000045506
        0.0000212490   0.0000009201   0.0000000653   0.0464443546   0.0098634740
        0.0151171350   0.0006326590   0.0145875091   0.0197910194   0.0016328532
        0.0009352269   0.0005535726   0.0000280406   0.0000258324  -0.0000068005
       -0.0000533410  -0.0000194040  -0.0000034546  -0.0030933446  -0.0026591456
        0.0018963290   0.0015531991  -0.0001501299   0.0005713868  -0.0001527042
       -0.0000955506   0.0003662645   0.0000457505   0.0000854310   0.0000761828
        0.0001466456   0.0000163278   0.0000425898  -0.0000382373   0.0000386258
       -0.0000693814   0.0000054639  -0.0000360531  -0.0000093966   0.0000877468
        0.0000155799  -0.0000080149  -0.0056084650  -0.0110988461  -0.0135020677
       -0.0060419293  -0.1139736034  -0.1166493812   0.0000589855  -0.0000159931
       -0.0000095631   0.0000152080   0.0000316001   0.0000059412   0.0003311435
        0.0004228179  -0.0001020039   0.0000873766   0.0000456785  -0.0000068560
        0.0000096790   0.0000019358  -0.0000039349   0.0098634740   0.1315788030
        0.1317437771   0.0016173873  -0.0140461805  -0.0191424850   0.0012517130
        0.0099005209   0.0148080977  -0.0000857514  -0.0000424142  -0.0000040296
       -0.0001229708  -0.0000100518   0.0000212749  -0.0003348092   0.0007720524
       -0.0000376897  -0.0000105528   0.0006425959   0.0008266973  -0.0000127371
        0.0001096644   0.0000094742   0.0001099077   0.0000981426   0.0000132249
        0.0001524210  -0.0000905345  -0.0000087224   0.0000162399   0.0000696343
        0.0000190756  -0.0000214895  -0.0000495834  -0.0000114234   0.0001617571
        0.0000437482  -0.0000300545  -0.0010156642  -0.0038437963  -0.0011522572
       -0.0130551379  -0.1134986586  -0.2086392382   0.0000230585  -0.0000098171
       -0.0000025147  -0.0000471463   0.0000571730  -0.0000030801  -0.0010768553
        0.0002085488  -0.0001170585   0.0000093516  -0.0000018041   0.0000016169
        0.0000061744   0.0000089401  -0.0000053618   0.0151171350   0.1317437771
        0.2382830558   0.0011758581  -0.0029581668  -0.0021181941  -0.0010852955
       -0.0132998937  -0.0270516878   0.0000107550   0.0000080297   0.0000028628
       -0.0000621471  -0.0000144214  -0.0000009539   0.0030606025   0.0019162702
       -0.0000622966  -0.0077289506  -0.0022875665   0.0000059196  -0.0004101494
        0.0009115585  -0.0000236531  -0.0000808988   0.0000427083  -0.0000025546
       -0.0005136834  -0.0000946102  -0.0000040112  -0.0000108684  -0.0000315891
        0.0000029255  -0.0000457928   0.0000552114   0.0000017936   0.0001129629
       -0.0000048055   0.0000006561  -0.0245033784   0.0171956761   0.0005800341
       -0.1822900642   0.1217211172   0.0038263558  -0.0001044425   0.0000155024
        0.0000010573   0.0000545889  -0.0000627660  -0.0000012947  -0.0002171970
       -0.0006162863   0.0000103571  -0.0000044386  -0.0000100514   0.0000012697
       -0.0000323972  -0.0000087716  -0.0000007085   0.0006326590   0.0016173873
        0.0011758581   0.2119268200  -0.1423019165  -0.0043932281   0.0002195560
        0.0019801757  -0.0011181803  -0.0000027806  -0.0000228225   0.0000006541
        0.0001008048   0.0000228708   0.0000011017   0.0003739563   0.0016344715
       -0.0000145975  -0.0028217983  -0.0007305753  -0.0000182690  -0.0009353119
        0.0004702957  -0.0000170594   0.0000422772   0.0000198554   0.0000018650
       -0.0001720974  -0.0000847833  -0.0000021513   0.0000153329   0.0000152601
        0.0000027483  -0.0000580842   0.0000403931  -0.0000000337  -0.0000861438
        0.0000266894  -0.0000002613  -0.0081204321   0.0091351197   0.0002845436
        0.1243442990  -0.1534447326  -0.0032122525   0.0000105446   0.0000743625
        0.0000017613   0.0000041295   0.0000205385  -0.0000027294  -0.0003394136
        0.0000080083   0.0000004935   0.0001070439   0.0000796756   0.0000023972
       -0.0000098807  -0.0000023561  -0.0000019958   0.0145875091  -0.0140461805
       -0.0029581668  -0.1423019165   0.1717074264   0.0038155952   0.0153709257
       -0.0148819555   0.0021160336  -0.0001117446  -0.0000643837   0.0000009771
        0.0000104270   0.0000017668  -0.0000176929  -0.0000320492   0.0000589631
       -0.0008364403   0.0000116808  -0.0000137441   0.0011062118  -0.0000357343
       -0.0000099009   0.0004482976   0.0000002695  -0.0000017148  -0.0000420428
        0.0000011025  -0.0000000019   0.0000073917   0.0000007097  -0.0000026002
       -0.0000290479  -0.0000010867   0.0000021876  -0.0000232649  -0.0000109225
       -0.0000006414  -0.0000014186  -0.0000411967  -0.0000976678   0.0004194492
        0.0038852980  -0.0031694199  -0.0443557756   0.0000007965   0.0000008085
        0.0000324279   0.0000000445   0.0000002420   0.0000037461   0.0000066994
        0.0000034287  -0.0000653063   0.0000006967   0.0000008307   0.0000047282
        0.0000004535  -0.0000002384  -0.0000022970   0.0197910194  -0.0191424850
       -0.0021181941  -0.0043932281   0.0038155952   0.0463103615  -0.0191939432
        0.0185551843  -0.0008575576  -0.0000010367  -0.0000005924   0.0000164238
       -0.0000497688  -0.0000064815  -0.0000272434  -0.0037337540  -0.0038295654
       -0.0016913041  -0.0011658595  -0.0005937477  -0.0012124921  -0.0004080712
       -0.0000490149  -0.0005057197   0.0000447844   0.0000810395  -0.0000589474
        0.0001498955  -0.0000905126  -0.0000663045  -0.0000359411   0.0000752253
        0.0000645984  -0.0000587036  -0.0000764657   0.0000545098   0.0000764351
        0.0000507868   0.0000219216  -0.0011202959  -0.0145922189   0.0210994784
       -0.0410883608  -0.0056445881   0.0128689761   0.0000726630   0.0000431836
       -0.0000160697  -0.0000282370   0.0000363877   0.0000258761  -0.0007924504
        0.0001873826   0.0007534506   0.0000026355  -0.0000016786   0.0000033072
        0.0000222041   0.0000002547   0.0000039731   0.0016328532   0.0012517130
       -0.0010852955   0.0002195560   0.0153709257  -0.0191939432   0.0462320286
        0.0077621579  -0.0110472389   0.0000283869   0.0000252166   0.0000084673
       -0.0000508349  -0.0000200302   0.0000021093  -0.0032989057  -0.0027564526
       -0.0017895157   0.0016200503  -0.0000900699  -0.0006103614  -0.0001404498
       -0.0000916293  -0.0003575731   0.0000512332   0.0000852419  -0.0000764014
        0.0001560106   0.0000177127  -0.0000420843  -0.0000348288   0.0000399561
        0.0000682147   0.0000064146  -0.0000366142   0.0000079185   0.0000851600
        0.0000155109   0.0000079435  -0.0053186442  -0.0118108893   0.0131211947
       -0.0041603925  -0.1237490415   0.1203762594   0.0000643742  -0.0000166867
        0.0000096010   0.0000123453   0.0000350533  -0.0000059078   0.0003165792
        0.0004773342   0.0001371760   0.0000889912   0.0000453173   0.0000066312
        0.0000101274   0.0000013292   0.0000031168   0.0009352269   0.0099005209
       -0.0132998937   0.0019801757  -0.0148819555   0.0185551843   0.0077621579
        0.1428782204  -0.1361168096  -0.0000847906  -0.0000428277   0.0000031976
        0.0001306871   0.0000103396   0.0000229569   0.0003220735  -0.0007434864
       -0.0000243098   0.0000723074  -0.0007097610   0.0008020589   0.0000044130
       -0.0001178459   0.0000111937  -0.0001104283  -0.0000969184   0.0000108730
       -0.0001516906   0.0000917067  -0.0000104503  -0.0000155072  -0.0000723040
        0.0000191354   0.0000229223   0.0000503347  -0.0000104041  -0.0001694420
       -0.0000459108  -0.0000290012   0.0006030153   0.0036300264  -0.0010282141
        0.0097892881   0.1174432384  -0.1996916934  -0.0000258291   0.0000078509
       -0.0000040996   0.0000482954  -0.0000582515   0.0000012592   0.0011175742
       -0.0001806951  -0.0001079454  -0.0000092603   0.0000015798   0.0000001243
       -0.0000059465  -0.0000092280  -0.0000016574   0.0005535726   0.0148080977
       -0.0270516878  -0.0011181803   0.0021160336  -0.0008575576  -0.0110472389
       -0.1361168096   0.2279461276  -0.0000106257  -0.0000079970   0.0000032917
       -0.0444201496  -0.0469297103  -0.0000377148   0.0001509435  -0.0006000555
       -0.0000003578   0.0011714365  -0.0000982675  -0.0000007227  -0.0005313031
       -0.0002986633   0.0000006050  -0.0001084408   0.0001892393  -0.0000000142
       -0.0008024033  -0.0016229119  -0.0000006911   0.0017352813  -0.0015760969
       -0.0000012946  -0.0049206773  -0.0004063415  -0.0000002132  -0.0155968883
       -0.0372120512  -0.0000278826  -0.0006674625   0.0007456537  -0.0000004937
        0.0001866097   0.0000158367   0.0000024925   0.0000175277  -0.0000377881
       -0.0000005323  -0.0002779281   0.0000481290   0.0000006735   0.0000492789
       -0.0000633425  -0.0000000408   0.0010052505   0.0023443320   0.0000006402
       -0.0000631487   0.0003744420   0.0000007283   0.0000280406  -0.0000857514
        0.0000107550  -0.0000027806  -0.0001117446  -0.0000010367   0.0000283869
       -0.0000847906  -0.0000106257   0.0630184267   0.0854098825   0.0000657256
       -0.0717649676  -0.4074506747  -0.0002884245  -0.0000333372  -0.0002456672
       -0.0000004040   0.0007475651   0.0000472548  -0.0000002525  -0.0004747663
        0.0006554516   0.0000007166  -0.0007665816  -0.0006199793  -0.0000004566
        0.0004491638  -0.0008363166  -0.0000013710   0.0023740960   0.0019662245
        0.0000016308  -0.0017123968  -0.0000234387  -0.0000008259  -0.0140074283
       -0.0059211676  -0.0000052391  -0.0002796461   0.0003445285  -0.0000005487
        0.0000808215  -0.0000256469   0.0000017160   0.0000928810   0.0000638832
       -0.0000002575  -0.0002393223   0.0000656620   0.0000004768   0.0000667110
       -0.0000774705   0.0000011286   0.0002313282   0.0008333841  -0.0000000360
       -0.0002022295   0.0010468193   0.0000007534   0.0000258324  -0.0000424142
        0.0000080297  -0.0000228225  -0.0000643837  -0.0000005924   0.0000252166
       -0.0000428277  -0.0000079970   0.0854098825   0.4103267791   0.0002919535
       -0.0000575948  -0.0002894120  -0.0044474715  -0.0000007087  -0.0000007846
        0.0000071747  -0.0000002963   0.0000003563  -0.0002076955  -0.0000000421
        0.0000005569   0.0002744456  -0.0000010579  -0.0000008976   0.0002154067
        0.0000012240  -0.0000011559   0.0011599618   0.0000025070   0.0000019580
       -0.0009295926  -0.0000015709  -0.0000011866   0.0015290085  -0.0000089006
       -0.0000031702  -0.0021000310  -0.0000002386  -0.0000013140   0.0000209409
        0.0000003732  -0.0000001175  -0.0000108466   0.0000001507   0.0000000429
        0.0000162002  -0.0000001842   0.0000001774  -0.0002249634  -0.0000014912
        0.0000015537  -0.0000298293   0.0000000061   0.0000005408  -0.0003961784
       -0.0000002220   0.0000007538   0.0000665043  -0.0000068005  -0.0000040296
        0.0000028628   0.0000006541   0.0000009771   0.0000164238   0.0000084673
        0.0000031976   0.0000032917   0.0000657256   0.0002919535   0.0050343874
