           2           3  0.16441873223976011     
           3           4   1.0658572701736939     
           4           5   1.3767780912649239     
           4           6   1.3580985879352117     
           5           7   1.4501330836735020     
           6           7  0.10244127199576633     
           5           8  0.10395001920133275     
           6           8   1.4732512684215830     
           1           9   1.0741674334700702     
           7           9   1.3738075794871076     
           8           9   1.3534214914500060     
           2          10   1.6338544642510915     
           3          10   1.2456618271958089     
          10          11  0.99039650420623782     
           5          12  0.96279253617996441     
           6          13  0.96448651415001507     
           3          14  0.91714458946650934     
           7          15  0.96562479675841273     
           8          16  0.96745471758680379     
          11          17  0.96310212144238738     
          11          18  0.98294620993031334     
          11          19  0.96425325566954379     
           1          20  0.84172580045245571     
