           2           3   1.1647565908775428     
           3           4   1.3455137137445499     
           3           5   1.3349905321369631     
           1           6   1.0477212127795570     
           4           7   1.4514104292885857     
           5           7  0.10254247818024792     
           6           7   1.3771933082040384     
           4           8  0.10482301760505149     
           5           8   1.4703930355867598     
           6           8   1.3612409555112046     
           4           9  0.96921150646246779     
           5          10  0.96880158603103295     
           7          11  0.96693172510861758     
           8          12  0.96880584941324610     
           2          13  0.95775316204925598     
           2          14  0.95756880061060567     
           1          15  0.89445127752628839     
