           2           3   1.1944777003943066     
           3           4   1.3338660654575323     
           3           5   1.3262751950359615     
           1           6   1.0382637254094456     
           4           7   1.4563504381293830     
           5           7  0.10153119538496469     
           6           7   1.3756230077701528     
           4           8  0.10333012390274911     
           5           8   1.4706121259143545     
           6           8   1.3636315143291620     
           4           9  0.96897364876703174     
           5          10  0.96874858592875968     
           7          11  0.96688319024616598     
           8          12  0.96974372566996225     
           2          13  0.94213131596700217     
           2          14  0.94241642295764150     
           1          15  0.85147769128493811     
